315
13
Yes
Stephen
-13.1086 2.0062 5.41457 1.13072 1.66232 -1.35747 0.820032 0.259096 0.920253 -0.792009 1.15828 0.342115 0.789015 
-14.701 -1.73499 1.52953 -0.576388 1.92224 -1.00666 0.12098 -0.479285 0.502728 -0.582664 0.433404 0.790621 1.19818 
-10.4395 -0.577755 3.16949 1.70562 0.482824 -2.10731 0.727079 -0.0794159 1.16416 1.17064 0.242433 -1.21056 -0.7305 
-12.7184 -2.01961 1.75233 -1.26679 -1.87521 -3.32531 -0.636223 0.305935 1.04718 -0.503513 0.578503 -0.0112293 0.286934 
-11.0431 1.08709 3.67766 -1.40576 0.321501 -1.0088 -0.177914 0.311156 0.909908 -0.696603 -0.123904 -0.191143 0.810489 
-9.95355 0.0457005 3.16122 0.520424 -0.20349 -0.930146 1.34283 0.503951 1.82148 0.0937487 0.641603 0.016085 -0.262906 
-14.37 -1.40147 3.90012 0.32258 0.647503 -0.742173 1.02658 0.31609 1.54393 1.00236 0.172768 -0.446536 -0.113976 
-12.8221 0.0780719 3.3224 -0.391746 -0.0152731 -2.72772 -0.678816 -1.03422 0.730805 0.283055 0.438625 -0.393381 -0.381162 
-14.1679 -0.862753 2.6597 -0.850761 0.342911 -1.85 -0.697587 -1.55184 0.0244219 -1.32087 0.283635 0.523834 -0.716652 
-9.29005 -0.18945 1.11006 0.0111974 1.6313 -1.27705 0.52804 0.371552 1.37036 0.22601 0.255974 0.0404791 -0.0761451 
-11.5251 -1.84748 1.42008 -1.29028 0.492407 -1.07113 -1.46236 -1.42775 -0.391722 -0.624219 0.111225 0.0503077 0.652179 
-11.5961 0.42309 4.07927 0.261389 2.874 -1.29431 -0.682399 1.18266 0.537636 0.539838 1.09963 1.17749 0.19983 
-14.9282 -1.03469 2.96249 -0.745304 0.22066 -0.235478 1.51804 -1.15928 0.0117377 0.153753 1.63128 -0.542191 -0.613511 
-10.3894 0.558421 3.5083 1.49511 1.6871 0.427472 1.7306 -0.57352 0.813164 -0.813691 -0.0440084 -0.49615 -0.168326 
-7.51258 1.54934 3.07185 -0.283655 1.6237 -0.0768979 0.363809 0.76277 0.780518 -0.0768648 0.855087 0.189157 0.348096 
-12.8099 0.113323 1.76706 -1.01775 0.412502 -1.59051 0.606451 -0.888178 1.32333 -0.549491 -0.139352 -0.902178 -0.336687 
-12.6466 -1.02338 1.20973 -0.0421669 0.69639 -1.9196 0.144071 -0.848318 1.51946 -0.0992482 0.786655 -0.5597 -0.793149 
-12.7398 0.530348 1.36467 -0.668985 1.141 -2.57655 -0.312716 -2.13732 0.366398 -0.768975 -0.179975 -0.39779 0.290236 
-11.203 1.7178 4.83728 2.57002 2.32062 -0.528302 0.553021 -1.33666 0.512815 -1.04047 1.37848 0.211423 0.0837732 
-13.6827 0.718903 1.92799 -1.66194 1.55812 -1.26219 0.375947 -1.19554 0.554972 0.602838 1.42888 -0.798971 -0.80063 
-13.1775 -0.520621 2.69602 2.34112 2.43067 -1.99597 -0.0286092 -2.12158 1.04858 -0.130087 -0.553427 -0.17968 -0.331962 
-11.7718 -1.53737 1.81812 -0.56335 -1.12097 -2.46951 1.13639 1.28995 1.94073 0.0234297 -0.383457 0.288812 1.213 
-14.3439 -1.25159 0.730679 -3.19907 -0.830165 -2.98913 0.897347 0.641573 0.073031 -0.56688 -0.398993 -0.642041 -0.49261 
-13.013 -0.347252 1.69842 -1.24624 1.83323 -2.17664 -1.22654 -1.70237 -1.07623 -1.20429 -0.503758 0.41003 0.419253 
-9.68666 -0.538965 1.1614 0.581166 3.29376 0.633987 1.88518 0.754402 0.141954 0.018077 0.393699 -0.833593 0.0594707 
-8.52603 1.60061 3.84002 0.511013 1.1505 1.29809 3.37668 -0.436481 -0.604106 0.487528 1.05122 0.103826 0.46298 
-11.1574 0.878357 4.79791 0.618723 1.54921 -0.718473 -0.678939 0.80436 1.95436 -0.0681539 0.471191 -0.698806 -0.223853 
-11.8547 0.401721 4.11552 1.09651 1.80812 -0.63741 0.316497 0.0044356 1.4258 -0.454152 -0.37576 -0.470373 -0.0367873 
-10.0827 0.145771 2.2325 0.192545 1.06569 -0.559011 1.01874 -0.219814 0.801388 -0.855902 -0.0821596 -0.340024 -0.155337 
-13.6883 -1.61018 1.74389 -1.20862 -0.378959 -2.81238 -2.06728 -0.750285 1.24154 -0.943016 0.188918 -1.03503 0.291053 
-11.3462 0.287872 3.08617 -0.771055 -0.0592466 -0.283916 0.448388 -0.220953 1.86525 -1.11228 -0.643617 -0.859928 0.199362 
-10.0803 0.564852 3.60174 1.95456 0.627526 -1.85239 2.74227 1.00236 0.84555 -0.199494 -0.130717 0.299646 0.069055 
-14.2879 -2.11999 2.11 0.3162 1.57018 -0.658538 -0.296514 -1.32132 0.432401 -0.762043 0.107146 -0.378994 -0.237306 
-10.5428 0.473564 3.97725 1.11558 2.15752 0.203833 1.08264 0.930395 1.84693 0.0872782 0.0727261 0.325662 0.252302 
-13.7162 0.0325769 2.09408 -0.267865 2.56656 0.103531 0.813744 -1.58154 1.08524 -0.830246 -0.405118 0.883518 0.94828 
-6.72001 0.129875 2.14348 1.33499 0.827582 1.1389 2.39062 -0.189371 1.54512 0.270762 0.480766 0.279262 0.746281 
-12.6062 -0.592978 3.24368 0.122615 1.11036 -0.613269 0.390834 0.134014 1.19752 -0.574463 -0.297337 -0.211839 0.793095 
-17.4124 0.350299 1.97955 -2.0568 0.747394 -1.55683 1.61518 -1.27103 0.383831 -1.24926 0.800157 -1.04948 -0.992061 
-10.3071 1.31525 3.80564 -1.15744 0.585863 -0.233374 1.55194 0.222998 -0.247235 0.272793 -0.00880397 -1.17716 -0.44819 
-8.64106 0.336399 1.21545 0.560386 1.72999 0.371617 2.03465 -0.182937 1.27932 -0.205711 -0.00714121 -1.25133 0.0728919 
-12.1341 -0.853892 1.73788 -1.2365 0.611858 -1.65283 0.513586 -0.134259 -0.070303 0.254344 0.82722 0.303059 -0.516993 
-15.2736 -0.735248 2.24471 -1.76227 2.35753 0.805698 1.67916 0.607542 1.20193 -0.137869 0.220612 -0.120923 -0.437493 
-11.5195 -1.54045 3.28584 0.580827 0.873297 0.293965 0.318449 -0.925659 0.610756 0.562803 0.395153 0.00631811 -0.201501 
-11.7858 0.154826 1.90926 -0.597945 2.67524 0.0216121 0.32765 -0.610538 1.03475 -0.0255716 -0.0904455 -0.418958 -0.292568 
-9.57051 0.649203 2.70969 -0.270268 1.31736 -0.88955 0.154006 0.371848 0.993895 -0.826005 -0.225402 0.244069 -0.259673 
-12.9304 1.49431 2.27591 -0.892241 1.15659 -2.10407 0.450164 -1.02472 1.41083 -0.11643 0.35496 -0.974906 -0.683001 
-14.0127 -1.55336 1.76274 1.04411 2.34256 -0.906164 0.381923 -1.34816 0.463458 -0.852899 -0.209339 -1.08082 -0.95293 
-10.4286 -1.01666 0.510969 -0.959987 -0.632024 -2.01546 0.00365075 -1.02144 1.00747 -0.810355 0.253745 0.146371 0.235227 
-16.4214 -1.20878 2.7481 -0.700646 1.25931 -1.38229 0.441485 -0.811308 0.418295 -1.29779 -0.958738 0.000840221 0.545147 
-11.076 1.77368 4.82861 2.168 3.35484 -0.386926 0.90197 0.0113516 1.68677 -0.0691789 -0.773898 0.337548 0.380341 
-9.47635 1.11311 2.67827 0.658772 0.899635 -1.6314 0.463701 -0.823703 1.57784 0.637785 0.348705 -0.6327 -0.404935 
-11.8897 -0.588808 1.93138 -0.399606 2.14195 0.337322 0.703525 -0.473488 0.51109 -1.05756 -0.728528 -0.846925 -0.616298 
-15.1001 0.573556 3.07313 1.22484 1.65324 -0.818188 2.70078 -0.20659 1.86147 -1.41856 0.0478716 -1.03316 0.0343756 
-13.9998 -1.52682 1.94747 0.418571 0.633511 -0.347289 2.14851 -0.258371 1.74656 -0.498161 0.675938 0.516363 0.154643 
-12.4991 -0.480092 1.51841 0.898861 2.62954 -0.690921 2.24529 0.674236 0.942222 -1.1764 -0.0917533 0.137403 -0.0653075 
-12.3095 -0.526077 2.53291 0.336181 1.00603 -1.85518 -0.0532786 -0.538589 0.429137 -1.51232 -0.5973 -0.0528284 0.0434689 
-14.9012 -1.15977 3.65392 0.0401153 1.01617 0.254717 2.54571 0.723794 0.392402 -0.676536 -0.147193 -0.892462 -0.209847 
-11.0875 0.036393 3.28743 0.989628 -0.134634 -1.07146 1.80576 1.07201 3.56537 0.618718 0.704192 0.469163 0.287731 
-11.05 -0.356455 3.90581 1.06882 1.1225 -0.0110575 1.12095 -0.712362 0.482674 0.586533 -0.17709 -0.413079 0.216323 
-12.7222 -0.282601 2.56801 -0.427203 2.31844 0.0322685 0.630399 1.23796 2.25209 0.451948 1.31819 0.294488 0.366746 
-15.5725 -2.52429 1.83633 -0.743671 2.36687 0.62522 0.620162 0.508218 1.21642 -0.35687 0.420368 -0.226304 0.278436 
-13.5698 -3.53274 1.51885 -0.68832 -0.157635 -1.26904 -0.213393 -0.43845 -0.0886933 -0.206468 0.2367 -0.267747 -0.579328 
-12.763 -1.09157 3.01861 -0.219433 -0.924535 -1.61839 1.14838 -0.242868 0.741517 0.513357 1.23296 0.0369251 0.140016 
-14.0803 -0.227411 0.766997 -2.22444 0.541414 -2.16452 -0.110813 -1.23005 0.688674 -0.846408 0.380608 -0.479404 -0.314927 
-11.4921 -0.368095 2.54497 1.0019 1.61667 -0.513245 1.45487 0.543129 1.28029 -0.866723 -0.191401 -0.996965 -0.30742 
-11.864 0.636267 3.33934 0.284036 1.65178 -0.856161 1.07097 0.221097 0.574918 -0.536056 0.184229 -0.651039 -0.266565 
-8.8028 1.70292 3.06357 1.26089 2.03829 -0.608747 0.641855 -0.819651 0.297164 -0.64062 0.579503 -1.2126 0.0359833 
-11.5742 1.09999 3.82655 -0.457532 0.66275 -1.27372 1.04131 0.359936 1.07836 -0.750013 -0.507498 1.03279 0.21625 
-11.1564 -1.09062 1.72469 0.532925 1.62028 -0.112952 0.519713 -1.12967 -0.273522 -1.67338 0.00421951 -0.271004 -0.291422 
-11.7505 -0.133124 2.61874 0.244086 1.49647 0.225948 0.700566 -1.12157 0.634406 -1.05344 0.174564 0.0471301 1.00268 
-12.7902 0.634965 2.96488 0.222013 1.02163 -0.998177 1.30281 0.50522 2.09226 -0.969813 0.34513 -1.06164 -0.229214 
-12.3549 -1.1284 2.00731 -0.0499273 1.28794 -0.722088 0.246005 -0.0594297 1.64985 -0.510288 0.0806856 0.359849 -0.111869 
-10.9286 -1.58573 1.32316 0.7159 0.43412 -0.881344 1.01275 -0.372947 1.10831 -0.882995 -0.0767422 -0.532721 0.161517 
-12.5897 -1.08114 1.17202 -1.84787 -0.444406 -1.80387 0.874485 -0.1579 0.430224 0.022348 0.814874 0.0900591 0.0339916 
-13.8162 -1.59399 1.11107 -1.5259 -0.623929 -2.53305 0.50567 -0.216521 1.22202 0.476791 1.07355 -0.132583 -0.987986 
-11.8475 0.0191611 2.98823 -0.521885 1.33474 -0.402125 0.336345 0.242142 1.15969 0.0529039 1.23778 0.569624 0.104799 
-9.70222 0.307592 3.36004 1.7244 2.48019 -0.00749415 0.278383 -0.837879 0.349373 -0.0412783 1.06587 0.126198 -0.20969 
-11.0184 0.912094 3.22598 -0.511794 1.98412 -0.507256 0.190965 0.441877 0.543759 -1.31105 -0.531475 -0.31987 -0.220925 
-11.3598 0.539093 2.66796 0.219767 3.02381 0.676144 1.41731 0.745901 0.781165 -0.988693 -0.206064 -1.39796 -0.181296 
-9.56198 1.95415 4.43519 2.81256 2.2734 -0.379357 1.96638 0.410422 2.14217 -0.140656 0.983831 0.756131 0.574916 
-12.8962 -1.67062 1.98312 -0.06228 1.56938 -0.408544 -0.325743 -1.14289 -0.174474 -1.14875 0.391627 0.634484 1.19703 
-14.3311 -1.06863 0.821901 -0.825095 0.352893 -2.61133 1.20827 0.395102 1.11621 -1.2393 0.0623911 -0.769832 0.123462 
-15.2044 0.28665 3.23296 -0.319403 1.67747 -0.581987 1.6425 -0.23207 0.942295 -0.440727 1.00604 -0.233186 -0.424336 
-14.5248 -2.74129 2.24529 -0.195976 -0.9237 -1.97442 -0.433995 -2.84869 -1.40465 -0.794466 0.179224 -1.02646 -0.612774 
-12.3654 0.447008 3.61266 0.795497 1.16318 -1.53008 0.0961159 -0.819631 0.0382209 -1.29193 0.511768 -0.620878 0.0478292 
-11.0295 2.82182 4.9263 0.352118 1.85836 -0.466054 1.19005 0.503676 1.5579 -0.892609 -0.0680983 0.243698 0.488899 
-11.7936 -1.49872 2.16032 -1.60932 0.143296 -0.2064 0.235243 -0.336994 0.302052 0.821369 0.659549 -0.515346 -0.304033 
-11.3554 -0.72282 2.37174 0.660715 0.162205 -1.69091 1.09274 0.806102 2.76211 0.617212 0.242955 -0.350223 0.0356042 
-9.61839 1.73783 4.64782 0.807094 1.79711 -0.150625 0.111911 0.467463 1.24528 -0.256157 0.549144 -1.15137 -0.0786773 
-11.1234 2.35183 4.14793 -0.131742 0.900793 -1.68429 1.6251 0.967157 1.63819 -0.146707 -0.200198 -0.152321 0.188539 
-15.1481 -0.711084 2.55468 0.394036 1.06408 -0.814076 1.86488 -1.63911 1.10127 0.741204 1.09324 -0.255122 -0.570038 
-10.7216 0.996262 4.95854 0.323386 1.22163 0.267027 1.89897 1.13203 0.110714 -0.879007 -0.493376 -0.0597912 -0.0470629 
-13.9773 -1.73009 2.38078 -1.16706 -1.12448 -2.34377 -0.968257 -0.42559 1.59794 -0.282035 0.802205 0.0249751 0.501026 
-12.2947 0.645962 3.15114 0.514422 3.29864 2.34195 2.15292 -0.192182 0.83333 -1.41031 0.408107 -0.446331 0.807813 
-8.71701 -0.188534 2.21028 1.87504 0.605963 -2.36187 0.493619 -0.615642 0.818868 0.258547 0.538744 0.0992926 0.0675232 
-11.6724 1.72032 2.76448 0.454588 2.65136 -0.630138 1.11871 -0.585683 0.890709 -0.345217 1.00555 -0.437075 0.541551 
-11.9781 -0.568409 1.95734 -1.23518 0.500545 -1.45488 0.301654 0.545164 0.714021 0.274317 1.47587 -0.328335 -0.128623 
-14.2651 2.70684 3.5881 -1.01949 3.04139 -1.1167 1.45234 -0.303425 0.323911 -0.00937867 0.727277 -0.04211 0.21507 
-9.08795 0.847128 3.68182 2.24027 2.82571 0.179663 2.27174 1.04454 0.762548 0.36361 1.14994 0.051407 -0.969189 
-9.81057 -0.580785 2.21832 1.56915 1.87022 -0.0142251 0.436812 -1.22035 0.181857 -1.4838 -0.0229625 -0.101441 0.241877 
-11.2188 1.00403 2.27201 -1.10427 0.536568 -1.48378 1.30506 0.723685 1.47214 -0.385908 0.11124 -0.442904 0.110949 
-15.4109 -0.165461 4.08825 0.267734 0.627546 -1.83726 1.36337 -0.828486 -0.211028 -1.09929 -0.756316 -0.55023 -0.580757 
-12.4774 -0.269578 4.22979 1.48282 0.877396 -1.79398 -0.296937 -0.582495 0.828179 -0.0673639 0.192254 -1.52482 -0.841995 
-12.8306 -1.80794 2.51327 -0.841788 -0.58689 -1.07663 -0.939469 -1.60144 0.0100949 -1.66501 -0.315651 -0.316841 -0.624991 
-15.7466 -0.55596 2.01903 -2.21727 0.883582 -2.49857 -0.960697 -0.938324 -0.101358 -1.39928 -0.459989 -0.478123 0.0168669 
-9.96427 -0.897579 2.62428 1.70702 3.13088 1.2939 0.761773 -0.300037 1.83287 0.752647 0.284531 0.363692 -0.353896 
-14.1669 -1.88586 1.09327 -1.96928 1.92019 -0.387743 0.0981568 0.313803 -0.20029 -0.279765 0.96969 -0.0473335 0.434417 
-12.9877 0.66902 2.61839 -2.16358 0.530072 -1.37047 0.605183 0.525354 1.47237 -0.33212 -0.426411 -0.48091 -0.528962 
-8.54149 1.58875 3.33819 0.314083 2.96918 0.420114 1.13741 1.63082 0.955839 -0.740828 -0.224817 -0.128464 0.073449 
-7.83113 0.825046 2.81765 0.873105 1.85538 -0.296123 1.84408 0.862482 0.893509 0.387011 0.0021852 0.661593 -0.414065 
-12.4412 -0.860894 2.2767 -0.192839 0.828721 -1.67747 0.11942 -0.354845 -0.60124 -1.60074 0.343852 -0.0875336 -0.0757259 
-10.7722 1.33011 4.28285 0.563365 2.35797 -0.268132 0.0758147 0.93114 1.91225 -0.679108 -0.261553 0.105432 0.357627 
-14.8092 0.256124 4.05665 0.379053 1.53801 -1.1425 0.860702 -0.413437 1.2597 0.396668 0.0792138 -1.24853 -0.0342333 
-9.47818 1.76303 4.20549 2.78532 3.93996 1.27648 2.1138 0.502495 2.01002 0.849637 1.33559 -0.211587 0.430991 
-0.803457 5.091 6.99548 4.85463 4.62079 2.57799 2.42045 2.95874 2.61825 1.03689 1.0117 -0.0387827 0.0786608 
5.59099 3.71104 10.632 9.88774 4.11138 5.29434 0.702683 2.17084 2.02521 0.692442 1.90784 0.34839 0.158737 
0.347003 3.05022 10.2623 7.70301 3.18352 4.96027 2.75782 3.22261 1.40647 -0.314803 0.992538 -0.559048 -0.0174804 
10.7838 3.45036 10.0876 11.9056 3.12713 4.7387 0.989282 2.91926 2.02487 -0.0838844 1.81241 0.98969 0.845658 
6.71513 4.27301 9.55608 7.31506 2.76793 4.92177 0.837783 3.03332 1.34335 0.205617 1.64574 -0.257267 0.969947 
14.5077 5.47925 11.0783 11.6207 1.66439 4.30621 0.962401 3.62393 2.47387 -0.118611 1.73766 0.719924 1.18789 
10.0011 3.58713 7.34503 7.35937 2.37859 4.02305 0.0868014 2.91808 0.700591 -0.831111 1.99161 0.645146 0.404471 
17.6737 4.97794 11.3518 12.856 2.17019 4.35179 -0.168446 3.62219 1.59408 0.226096 1.77519 0.916583 0.670034 
12.6892 3.92755 7.87741 8.52764 1.51907 3.49527 -0.0101653 2.56333 1.25357 0.280931 1.90048 0.583825 0.0199385 
24.011 6.1897 9.27451 10.1967 1.0633 5.71936 -0.114118 3.07415 0.922276 0.881837 1.68582 0.896691 0.499664 
16.1624 4.21244 7.2577 9.2853 0.843645 3.25658 0.344835 2.53984 1.75042 0.916791 1.80873 0.703593 0.444326 
18.4611 3.76661 10.7802 13.9709 1.61866 2.1981 -2.2916 3.37205 2.00923 0.452748 1.43337 0.476904 0.88476 
20.9596 5.69401 7.34197 10.3333 0.560691 3.26904 0.515731 2.95256 2.11945 0.800371 2.28027 1.27629 1.13233 
20.5483 4.23408 9.3633 13.0384 1.00057 2.46602 -2.23521 2.66947 1.84188 0.396084 2.08964 0.444706 0.986615 
25.8355 6.6074 6.57749 9.77489 0.351574 3.09209 -0.650363 2.47498 1.82811 1.87696 1.86182 0.50555 0.421332 
22.3276 5.71714 7.46865 10.001 0.320991 2.80977 -2.05898 2.04702 1.32291 -0.19218 1.76692 0.410169 1.39906 
27.7828 7.31848 5.95971 8.98285 1.02591 3.62066 -0.990328 2.15371 0.705305 1.15802 1.43094 1.23623 1.26933 
20.3707 5.71609 7.82331 9.47748 0.202658 1.4999 -2.86774 1.103 0.645605 0.470741 1.47344 0.782243 1.69513 
27.4747 6.78555 5.95724 9.62224 0.689214 2.82352 -1.3725 2.57225 1.24441 0.948122 0.974666 0.389127 1.1554 
18.8388 6.1634 8.8699 10.2454 -0.0317824 0.111096 -3.55273 1.5543 2.18165 0.74674 1.25329 0.313284 1.77769 
25.5817 6.5377 4.98595 9.55933 1.3765 3.17449 -0.626217 3.00504 2.69462 1.05981 1.34913 -0.151848 0.81669 
17.3531 6.20665 8.24797 8.77246 0.375105 0.729389 -3.73898 2.10307 2.80654 0.23967 1.49679 0.358419 1.76222 
26.8605 6.71631 4.76228 8.75164 0.416989 2.48594 -0.857674 3.07258 2.56731 1.93065 1.70056 0.649441 1.19028 
18.8901 7.23739 7.36591 7.8199 0.288642 0.496741 -3.46761 1.98648 2.72023 0.347159 1.31151 0.396495 1.75359 
27.4078 7.47137 4.75589 8.29851 0.141013 2.09879 -1.32956 2.50428 2.26364 1.74626 1.79498 0.556764 1.12144 
18.9543 7.61123 7.23259 7.18464 -0.235715 0.391382 -3.98036 1.62737 3.15757 0.412792 1.38447 -0.266579 1.71426 
27.1003 7.71618 5.16004 7.94253 -0.0618706 2.0599 -1.59335 2.31722 1.88882 1.42614 1.69528 0.609221 1.15963 
18.9697 7.18235 7.69011 6.97292 -0.861062 0.241452 -4.40902 1.97035 3.6214 1.25638 1.14115 -0.621937 1.98598 
22.5147 7.2303 5.55696 7.46356 0.907277 2.15213 -0.861364 2.59908 1.84044 1.35505 0.978468 -0.0528985 0.530852 
18.0874 6.11988 7.85036 7.95264 0.277392 0.450961 -4.45825 2.80975 3.78855 1.87258 1.37805 -0.786552 1.75966 
16.843 6.69705 5.51892 5.84757 1.50964 2.53756 -0.358451 2.72268 2.34036 1.39798 1.02526 -0.165783 0.648307 
20.0054 5.7582 6.15639 6.934 0.308959 1.13506 -4.05501 2.56499 3.3338 2.5575 1.52595 -0.728902 1.62013 
11.9993 6.93487 6.07886 4.55091 2.04105 0.825737 -2.13945 2.89652 3.1237 1.39864 1.09086 -0.0913644 0.82064 
23.5432 6.27621 6.17755 6.8728 0.00695336 1.98153 -2.80598 2.98806 1.99357 2.62699 1.08469 -0.468524 1.53422 
10.8973 7.10321 7.62585 4.67976 1.5265 0.12988 -3.51506 2.35427 3.31706 2.28465 0.675952 -1.13588 1.55576 
18.6993 8.08447 6.67152 5.78354 1.91229 1.47865 -1.03528 3.18774 1.91056 2.7992 0.589199 0.275592 0.754352 
7.53232 8.25031 7.79018 2.96986 1.69838 0.078884 -1.7582 1.09723 2.18105 2.28944 0.111388 0.282353 0.78657 
6.98336 8.79968 8.67878 4.02647 3.03183 1.98541 1.30958 2.78391 1.58387 1.78002 1.16365 0.540424 0.344159 
5.11078 8.71356 9.56977 3.28914 2.69699 -0.147838 -1.03074 1.96018 1.7893 3.77861 0.356554 0.164702 0.767629 
-2.43128 8.66961 9.36126 2.0586 1.38202 -1.10722 1.42992 0.674105 1.11384 2.15192 1.02605 0.511746 0.210034 
2.4075 8.06589 9.23961 4.41494 3.93102 1.68839 1.67375 1.72859 2.05765 2.57885 -0.329888 1.07841 1.38634 
-4.86486 5.40889 7.95479 3.62187 4.4219 -0.537824 -1.38876 0.157005 2.11406 1.69559 -0.324575 0.340967 0.282848 
-3.57894 4.57424 6.42833 2.13798 3.1515 1.0512 0.990587 1.20403 1.57911 0.903693 -0.413511 0.865782 0.798032 
-3.5793 3.30164 6.22982 4.81711 3.97427 0.0500986 1.17112 1.60099 2.20375 1.89355 0.0521449 1.21085 1.0713 
-7.04119 2.63641 5.42442 1.0909 0.899789 -0.26965 1.21661 1.56037 2.05592 1.37512 0.630963 -0.399386 1.22993 
-8.41434 3.51586 7.88025 1.6688 5.28345 2.31023 0.866515 2.75177 0.976432 1.67699 0.468945 0.183026 0.894691 
-2.54304 2.80905 7.50727 4.75645 4.59499 2.80865 1.51065 2.33085 0.668093 0.582881 0.161635 1.28616 0.148244 
-2.40265 0.853741 6.49955 4.63216 3.70643 2.50528 1.43351 2.42055 0.451723 1.58583 -0.354159 -0.0967426 -0.297361 
-2.63909 3.22772 6.87325 2.85273 2.25646 0.872699 0.0551136 1.23022 0.924909 0.787802 0.285026 1.09829 0.122543 
-2.41425 2.55958 8.11079 5.5456 2.92699 1.92306 2.50339 2.78063 1.63488 2.2637 0.33673 0.317331 0.821146 
1.52395 0.0343808 4.92959 4.05819 2.8722 3.55064 1.19398 1.56243 -0.124561 3.27076 1.22256 0.554006 0.758065 
-5.29671 2.27537 7.16811 2.41306 4.248 3.99476 3.13743 2.80219 0.931215 1.4309 -0.855773 0.936156 -0.804246 
-9.29606 0.0281145 6.64878 2.88089 2.22724 0.747835 0.132161 -0.400142 -2.00758 0.145385 1.13107 0.18837 0.374169 
-7.51352 -0.279361 4.7212 2.80469 3.25539 0.576083 -0.626412 0.770792 0.541889 0.252384 -0.209556 0.305325 0.384208 
-2.87043 1.51656 4.3468 2.6968 2.84045 1.44015 0.0759775 0.172904 0.318656 1.20727 1.01164 -0.0411234 -0.156395 
-8.03156 1.66449 3.98296 0.60049 3.2629 2.49373 3.5768 2.81313 2.26935 1.05573 0.102748 0.395639 -0.22049 
-5.92068 1.72318 5.08516 2.11682 4.00562 2.04181 1.76911 2.10806 0.685421 0.887284 0.225824 0.216785 -0.706256 
-8.88306 -1.51842 3.01828 0.873106 2.86693 1.20712 0.468587 1.58104 -0.187212 0.681649 0.534482 -1.50798 -1.28372 
-7.34824 3.21026 6.56729 1.55432 2.0544 -0.111558 -0.157567 0.964844 1.16359 0.293249 0.365386 -0.664391 -0.237251 
-7.99401 -1.14146 2.67673 0.307754 0.941064 -0.140951 -0.0811911 1.1768 0.848069 -0.129431 -0.138941 0.0288713 -0.341739 
-5.05464 1.0192 4.64005 2.7324 4.04683 3.16278 2.61216 2.28935 0.400729 0.23159 0.133391 0.10077 0.232484 
-9.0756 -1.82112 2.67979 -0.866989 1.28934 2.16519 1.04653 0.722185 -0.520609 0.327789 -0.0906355 -0.506202 0.101828 
-7.89464 0.919294 4.5067 1.25138 3.76242 2.20271 1.18916 0.309328 -0.0870891 0.492921 -0.258255 0.71381 -0.0702263 
-7.87613 -1.06828 4.18952 2.60775 2.65673 0.251893 -0.282148 -0.482446 -1.44305 -0.106642 0.0596474 0.954882 -0.234057 
-9.55986 0.393502 6.68788 3.09584 3.22613 2.02298 0.361093 -0.892609 0.34723 1.21486 -0.729662 -0.597409 0.00723438 
-7.78436 0.256326 5.3496 1.6383 2.13308 1.49824 2.00567 2.32269 -0.32777 0.537764 0.907036 0.558841 0.96055 
-5.85092 1.37085 5.02288 1.37858 1.41819 0.999779 1.82358 2.29012 0.931144 0.634008 -0.0080783 -0.377074 0.80828 
-7.33693 -0.582202 5.19925 1.07457 0.585168 0.917368 -1.11153 -0.276113 -0.584499 -0.343212 0.0869261 -0.121804 0.376481 
-7.09055 -0.696608 4.39197 2.14427 2.7 2.01988 -0.263762 0.169683 -0.0692387 0.731493 1.28112 -0.228759 0.382504 
-9.90327 -3.09615 2.48608 -0.247022 -1.19739 -1.48406 -2.13281 -1.17714 -1.1633 -1.23042 -0.178302 -0.283084 -0.228249 
-8.91701 -0.478889 4.85247 0.393667 0.565034 -0.393144 -1.83974 0.936429 1.40138 0.393009 0.00942563 -0.93452 -0.220117 
-7.70017 -1.62709 2.32051 -0.758906 -0.6827 -1.13318 0.13143 1.25432 0.0231665 0.20531 -0.884887 -0.309154 -0.00383645 
-10.0324 -1.41156 5.09995 1.90865 1.62122 0.653901 -0.169461 1.06969 1.38054 1.43235 0.552161 -0.469288 -0.332652 
-7.92565 -1.13249 5.27084 0.528793 0.314188 1.1109 -0.180228 1.30514 1.01887 1.51365 0.115617 0.144241 -0.249499 
-8.01086 -0.677499 3.27184 0.0671035 2.30619 2.56601 1.34859 1.46178 1.42981 0.61536 -0.0515001 0.811313 -0.541873 
-10.1985 -1.42729 4.13019 0.934426 1.83276 1.30951 -0.212191 0.138195 0.239519 0.571168 0.861389 0.0153945 0.654201 
-6.58587 -0.668411 5.32102 2.76891 2.75086 1.40203 -0.423946 1.12466 1.28978 1.84899 -0.260953 -0.605951 -0.769227 
-5.94713 -0.0571285 5.05602 1.48791 1.13615 0.900663 0.0714549 0.345104 -0.760793 0.678412 0.620433 0.603088 -0.154876 
-5.34234 1.6469 5.19327 1.96579 1.95603 0.426619 0.414389 1.03619 0.796124 0.264998 -0.449151 0.612992 0.619645 
-7.53213 0.758375 8.1354 3.94668 2.81204 2.97635 1.60714 2.35322 1.935 0.501906 -0.803681 -0.0813079 0.221998 
-9.23592 -3.24726 1.23234 -1.7001 -1.30068 -1.81386 -2.66814 -1.45475 -1.76292 -0.45267 -0.270828 -0.662809 0.233163 
-7.40359 0.0533282 4.71977 -0.686404 0.412655 1.26489 0.432634 1.65813 0.557756 0.879569 0.422056 0.234964 -0.165002 
-6.7388 2.44097 7.33623 2.18185 3.5201 2.34097 0.318353 2.1713 2.51804 1.85618 0.427936 -0.123897 -0.235436 
-6.84087 2.69201 6.99398 1.62454 2.86327 1.61548 1.01769 0.75822 -0.426497 1.76051 0.464896 -0.566598 0.964614 
-7.63162 -0.743174 2.86855 -0.240867 0.874496 0.0774925 -0.0233128 -0.131075 -0.212123 1.31484 -0.55428 -0.62865 0.541492 
-7.11372 1.21636 3.61168 0.276174 3.25145 2.64256 1.18663 2.02411 2.48943 1.88387 1.74641 -0.394158 0.110779 
-10.8949 -2.09109 3.45193 2.85777 3.47098 2.31262 1.97654 1.47053 2.4128 1.07622 0.491485 0.0210226 -0.183994 
-10.0244 -0.317527 3.3574 2.1495 3.3244 1.21893 1.91393 0.32309 1.40572 0.881111 -0.189739 0.0245033 -0.230044 
-8.73839 1.30368 5.0436 0.977594 2.14052 0.903218 0.558545 0.650321 1.13068 0.195213 -0.103984 0.184128 0.588359 
-9.25979 1.41595 6.63801 2.69777 1.4337 1.2466 1.84545 1.59651 1.93635 -0.088327 0.887766 -0.50082 -0.24078 
-10.5059 0.102484 5.04533 0.575897 1.65646 0.208921 0.0263294 1.92656 0.199728 -0.963289 1.10765 0.148747 0.3252 
-9.22621 -1.58847 3.00785 0.983119 0.355853 -0.518721 -0.623089 0.111112 0.926532 0.0383233 0.927531 0.388839 0.735904 
-12.363 -2.45139 3.87817 0.873471 0.458013 0.0857489 1.43726 0.636602 -0.2536 -0.632067 -0.416719 0.577292 -0.441299 
-9.32099 2.60647 5.1408 2.04405 1.27439 -0.346372 2.04525 -0.058696 1.21925 0.28656 1.7301 -0.0746016 -0.0523474 
-9.04689 3.36684 6.57809 1.68948 4.05441 1.74258 1.69199 1.6932 1.76682 1.12137 1.24321 0.420078 -0.53033 
-13.5175 -0.848998 4.29756 2.35872 2.52164 0.520658 1.00832 -0.464435 1.27209 0.231875 1.15548 -0.260514 -0.0437495 
-12.6491 -1.57644 1.96038 -1.17375 -0.472777 -1.11446 0.454051 0.257951 0.635042 -0.77772 0.718376 0.18205 1.31093 
-20.3497 -2.73331 0.203253 -3.783 -0.0910973 -0.94726 1.49354 -1.22337 0.657771 -1.08348 -0.260415 -1.49957 -0.371917 
-13.5192 -0.587453 2.65283 0.960301 2.90172 0.352356 2.54932 -0.104346 1.0119 -0.0842249 -0.776044 0.220544 -0.366379 
-16.9427 -1.29807 2.89643 -0.15195 1.36141 0.134871 2.17761 -1.31606 1.35971 1.02611 1.45639 1.08439 0.653514 
-19.3581 -4.05502 1.14047 -2.57256 -1.42829 -2.81849 -0.30184 -1.05239 -0.489978 -1.5037 0.475205 -0.35847 -0.50353 
-15.4359 -0.442754 3.52589 0.608437 1.95094 -0.363576 2.47928 0.877742 -0.11419 -1.80872 0.821095 -0.0367009 0.396772 
-12.9073 -1.51362 1.39828 1.44821 1.67768 -0.864036 1.60614 -1.14696 0.609137 -0.0806122 1.10443 -0.584018 -1.05178 
-15.0973 -0.311574 4.04827 0.963206 1.5465 -1.87856 -0.220794 -0.591746 0.354544 -0.721855 0.997109 -0.661134 0.150734 
-13.831 0.061156 3.22753 -1.81194 0.0119231 -1.40376 0.182448 0.276172 0.693819 -1.47814 -0.868797 -1.08638 -0.0328783 
-17.4884 -2.42008 2.75669 -0.325942 -0.405564 -2.01503 -0.0824627 -1.91613 0.290923 -1.35666 -0.301662 -0.774686 -0.18163 
-11.23 1.8139 3.83713 1.31304 1.39926 -0.637721 2.55231 -1.00001 0.82336 0.0291952 0.141617 -0.181498 0.270131 
-13.351 -1.15961 2.11025 -2.7037 0.717028 -0.455055 -1.00431 0.690174 1.56527 -0.772055 -0.058179 0.427585 0.186076 
-19.8749 -3.11401 1.06961 -3.25828 -0.225583 -3.11458 -1.81714 -1.28235 -0.120729 -1.9183 0.611206 -0.0223082 -1.14185 
-13.987 -0.317295 3.30466 -0.525006 -0.0506476 -1.61186 1.36252 -0.71374 -0.394711 -0.971367 -0.0762151 -0.185577 -0.335307 
-11.4852 0.0409777 2.84918 0.397409 1.23266 -1.37074 0.273393 -1.59935 0.175474 0.00418398 -0.543016 0.414522 0.810821 
-13.1601 0.680204 3.20181 -2.35327 0.161299 -1.1838 1.04035 0.823022 1.07291 0.251198 0.351564 0.28109 0.381711 
-13.0271 -0.770816 0.908003 -0.794611 0.627056 -2.39138 -0.133627 -0.830235 0.671143 -1.67301 0.0665183 -0.151208 -0.568777 
-13.9734 -1.48137 2.94474 1.07337 2.9275 -0.0908738 0.00923732 -0.0967759 1.01524 0.347519 1.04406 -0.62329 -0.100303 
-15.4664 -1.67189 2.15344 1.03702 3.24055 -0.379352 0.835466 -0.250148 0.829892 -0.652956 0.215524 -0.363499 0.341651 
-18.3603 -1.93319 1.19341 -2.19586 0.106575 -3.51596 -0.814822 -2.37965 -0.241928 -1.10027 -0.84142 -0.13582 -0.12364 
-15.1026 -0.56051 2.18131 -1.40727 1.52246 0.0963911 0.568842 -1.66256 0.168798 -1.16583 -0.425793 -0.639633 1.03161 
-11.3038 -0.953169 2.19829 1.60658 3.14078 0.677495 0.815245 -0.823226 1.21454 0.185027 0.549258 0.234966 -0.403549 
-13.7976 -0.580079 1.33139 -3.03594 -1.05238 -0.360096 0.00484066 -2.52905 1.52508 0.101417 0.0119931 -0.708555 1.27229 
-12.8001 1.65813 2.97203 0.073088 2.32736 -1.31007 1.34618 0.167021 1.23429 -0.0720893 0.59803 -0.802664 0.448944 
-13.7764 0.00691737 3.14152 0.360765 -0.359155 -1.31783 2.66358 -0.290241 1.09265 -0.280844 1.39106 -0.0132317 -0.151147 
-13.2588 -2.96895 0.724007 0.468434 0.641909 -0.18064 2.22823 0.000192959 0.654704 -1.2956 -0.420203 -0.872291 -0.0115737 
-9.60766 0.387016 4.05087 1.27059 1.39708 -1.24472 0.391142 1.16294 0.961277 -0.134789 -0.089838 -0.238329 0.215431 
-13.6978 0.686428 4.88637 0.46887 1.05381 -0.586346 0.865777 -0.124818 0.592683 -1.39857 0.392737 0.155389 -0.0898519 
-12.0434 -0.253681 2.45509 -0.0107208 0.263354 -1.08926 2.07997 0.360807 1.42732 0.57279 0.895945 -0.186223 0.182098 
-13.0806 -0.778202 2.30376 0.55006 1.92661 -0.742755 2.01451 1.29905 0.382701 -1.11847 0.185805 -1.28252 -0.23532 
-10.6764 2.43124 5.02098 0.785347 1.02497 -1.20568 -0.133384 0.179617 1.95161 -1.50273 0.433794 0.472866 0.683683 
-12.4131 0.700473 2.16311 0.463373 3.40049 -0.335537 0.601641 -0.405026 1.87486 0.0938186 0.225473 -0.296056 0.470016 
-10.851 -3.64877 1.09641 1.78474 2.58286 0.425008 0.130965 -0.256299 -0.162412 -0.0784546 0.995329 0.486976 0.180255 
-12.3382 0.923751 5.3092 1.38328 3.2194 0.808595 0.861989 -0.224979 1.07853 0.63171 0.0283288 0.541951 0.377903 
-9.14593 2.76653 3.18401 -1.34189 1.00256 0.496852 0.204488 -1.33894 1.68082 -0.494457 1.03243 0.55904 0.302501 
-16.1011 -1.50192 1.91803 0.164292 2.09098 -1.32951 1.4643 -0.325941 -0.328838 -0.426862 0.874944 -1.55254 -0.83191 
-13.0474 -2.83398 2.44352 2.22561 2.51349 0.156497 1.19491 -0.0896374 0.654821 -0.0608769 0.15541 0.150974 -0.423623 
-10.3691 1.6506 4.17847 0.316665 0.817467 0.39355 1.53945 -1.39672 0.217315 -0.368742 0.485459 0.0833664 1.13427 
-12.0219 0.896721 3.91903 0.838612 0.989224 -0.855698 0.55514 -0.621805 1.90103 -0.0849682 0.570148 -0.551895 0.15309 
-14.5675 -1.56798 2.92032 -0.335537 -1.01398 -2.60192 0.314927 -0.415426 0.785472 -0.665134 -0.455828 -1.18042 -0.438396 
-12.2489 -0.363649 4.01764 -0.695298 -0.388625 -0.560223 0.599061 -1.02168 -0.935652 -0.483386 0.708065 -0.100915 0.0101714 
-12.2828 0.390717 2.85084 -0.44923 -0.446925 -1.21455 1.72902 -0.185966 2.13377 0.0997908 0.0847796 -0.234668 0.563537 
-17.8165 -1.15988 3.08763 -1.04293 0.964692 -2.96102 -0.748902 -0.209507 0.633469 -1.29512 -0.249348 -0.482812 -0.618103 
-10.6664 -1.53877 2.0502 1.03341 1.75731 0.546243 1.72212 0.682085 1.81728 0.52738 0.188501 0.189722 0.243984 
-11.0393 -1.26206 3.70211 0.351185 -1.58544 -2.21016 0.743896 0.804525 0.168568 -0.197646 0.62834 -0.599664 0.0686441 
-15.0222 0.0382944 3.57013 -0.302467 1.73114 -2.35595 0.594768 1.7846 1.09297 -1.0626 -0.165576 0.217651 0.518624 
-15.1256 2.32253 5.45669 0.620151 2.98301 -0.766013 0.606281 0.29966 1.19138 -2.46099 0.459707 1.48987 -0.0303384 
-11.7908 -1.27923 1.42065 0.730794 1.22015 -1.30262 2.17763 0.900212 0.825079 -0.93247 -0.604736 -0.549011 -0.622291 
-8.25281 0.332634 3.04047 1.9196 1.8621 -0.00835246 1.66136 0.493803 0.442664 -1.24102 -0.569074 0.0894576 1.01702 
-15.5045 -2.85572 1.86868 0.41539 2.7113 -0.142946 1.7554 0.694225 0.194009 0.205938 0.617667 0.0712977 -0.805097 
-15.1039 0.412392 4.21882 -0.101942 0.766326 -1.55823 0.485703 0.559829 1.19415 -1.39339 0.689327 -0.662066 0.727837 
-13.5378 -0.474295 2.43658 -0.0382686 1.21533 -0.818655 1.45059 -0.194846 0.575554 -0.704527 0.119728 -0.945466 0.0711334 
-7.80555 0.827184 1.72415 1.41491 2.92975 0.512886 2.35792 0.470597 0.921059 -0.622981 -0.0769712 0.176324 0.0386726 
-11.2237 2.34345 3.25122 -0.405083 2.96788 -1.10371 0.749218 -0.393723 0.22602 -0.314508 -0.61863 0.123665 0.157464 
-12.3958 -1.0042 2.94113 0.83678 -0.432385 -2.40926 0.911364 -1.1475 0.366561 0.174053 0.187574 0.397451 -0.116261 
-11.7073 1.37033 2.57526 -0.185322 0.869943 -1.60076 1.46632 0.871078 1.37113 -2.22489 -0.0876782 -0.614214 0.0325289 
-9.61639 1.96798 4.26887 1.01964 1.9534 -0.519369 0.0807836 -0.0935444 1.4379 -1.03392 -0.166828 -0.067696 0.302439 
-13.2554 0.362135 4.86381 0.0543175 1.35806 -0.560604 0.510094 1.01807 0.72375 -0.308772 0.700994 -0.385952 0.409388 
-10.7605 -1.51892 0.521443 -0.33985 0.829247 -0.852529 0.864774 -1.11794 -0.0268549 -0.232501 0.551613 -0.324149 -1.1791 
-10.0027 -0.29817 2.73666 1.16534 1.91606 0.203908 1.26848 -0.343901 0.262726 0.412212 1.06903 0.221994 1.22693 
-12.0959 0.702441 3.22988 0.617795 2.58596 -1.10421 -0.105566 -0.331783 0.845198 -0.134932 0.587864 -0.206113 0.388267 
-14.816 -1.41817 2.09497 -1.46185 -0.911567 -1.51122 1.20333 -1.43723 -0.383977 -1.34416 -0.249087 -0.337756 -0.747884 
-14.8415 -2.57218 2.31634 0.518579 1.45634 -0.647224 0.563023 -0.289024 0.455438 -1.16886 -0.670321 -0.562109 -0.255961 
-14.505 -2.76345 -0.122401 -1.18895 0.18481 -2.0531 0.284033 -0.544438 1.47753 0.292204 0.892869 -0.192233 0.192994 
-16.2346 -1.8842 2.41795 -0.916192 1.60756 -1.75173 -0.390432 -0.292703 -0.433733 -0.734317 0.053674 -0.610128 0.130083 
-11.138 -0.604598 1.97443 -0.717315 -0.215476 -1.44637 1.4072 0.0473791 0.512284 0.506533 1.13279 0.0382187 -0.734681 
-15.6912 -3.45996 1.657 -0.211168 1.3269 -1.18114 0.527343 -0.00392004 -0.330073 -0.952535 -0.648587 -0.196431 -0.0986583 
-12.8598 -0.55237 2.585 -0.204 -0.32304 -2.83764 0.197564 1.03145 1.21016 -1.90811 0.020522 -0.348889 0.0231468 
-15.1739 -1.57953 1.37574 -0.59346 1.60799 -2.95631 -1.04666 -0.257323 -0.458428 -1.92457 -0.068089 -1.09289 0.107161 
-10.0688 -1.52884 4.4715 3.56847 2.43442 1.0073 0.491799 -0.730559 0.752309 1.30904 1.59518 0.211611 -0.0120653 
-10.1374 1.14882 2.75564 0.97149 0.262391 -3.61248 -0.11909 -0.143428 1.38905 -0.33039 -0.0305321 -1.25444 -0.011358 
-10.7832 2.104 3.46464 0.884802 2.44412 -1.35025 0.173201 0.270008 2.96144 0.792279 0.664406 -0.666928 0.0689835 
-14.0676 -0.979945 2.86576 0.0240347 0.698845 -0.614065 1.52462 -0.104262 2.06745 -0.281183 -0.410534 0.105766 -1.39175 
-10.7459 -0.802988 2.01242 0.922824 1.77578 -0.34755 0.394375 -1.71594 -0.884489 -0.573113 1.0862 -0.0472371 0.272905 
-12.3345 -0.671111 2.35601 -0.528792 0.665609 -1.60313 -0.194604 -0.711429 -0.538131 -1.66227 -0.415552 -0.295022 0.781283 
-13.5642 -0.402658 4.48575 1.14059 1.88283 -0.950875 1.76293 1.15659 0.194387 -0.0451033 0.0645343 0.0272648 -0.469755 
-13.3596 -1.3224 3.57979 0.713005 0.502746 -1.72386 0.589136 0.417544 0.358511 0.45182 1.24373 -0.492124 -0.186889 
-11.1304 -0.340447 1.80894 0.276844 0.610636 -2.32005 0.341279 -0.401281 0.908245 -0.31468 -0.388474 -0.708322 0.532235 
-9.82718 2.06978 3.74538 0.0317751 1.78411 -1.0873 -0.938844 -0.105895 1.82673 -0.848081 0.00954792 -0.416331 -0.128259 
-16.4276 -0.403415 2.13204 -1.13199 2.59081 -1.526 0.698455 -0.526841 -0.015 0.151977 0.33138 -0.931256 0.0126241 
-10.8169 -1.66296 2.54372 0.378356 0.885659 0.24719 1.3594 0.817745 0.518589 -0.191006 0.0476209 -0.706253 0.135101 
-12.8889 -1.79789 0.235925 -1.06303 2.01882 -0.911343 0.706177 -0.039746 -0.253262 -0.249298 0.579881 -0.586978 0.216104 
-12.1492 0.423834 3.03668 -0.332972 2.24667 -0.314526 1.04922 0.540928 0.766795 -0.182822 -0.351069 -0.713646 -0.0507252 
-17.7968 -2.6345 0.830063 -1.05849 1.78547 0.273302 -0.199386 -3.05318 0.852818 -1.44029 -0.0307467 -0.474334 -0.00286596 
-10.1787 -0.176486 2.87136 1.22836 1.91179 0.03356 1.35223 -0.573605 0.627463 0.0556643 -0.453153 -0.262743 -0.130395 
-9.13775 -1.76978 0.632456 0.220788 0.680264 -0.661242 0.497424 0.20621 0.893537 -0.331328 0.874416 -0.398363 -0.371072 
-16.3749 -0.354112 4.06595 -1.02508 0.686888 -0.727998 -0.454475 -1.92035 -0.206565 -1.50523 0.915958 0.628028 0.268509 
-16.7068 -2.49247 1.99496 0.285063 2.67569 -1.01388 -0.103375 -0.560162 -0.107042 -1.26539 0.297078 -1.02648 -1.38803 
-11.6823 -0.997598 1.20234 0.0663265 1.41927 -1.77667 1.31962 0.601844 0.983348 0.121924 -0.175484 -0.127251 -0.267646 
-10.0703 -0.0436132 3.4168 0.607059 1.04473 -0.963977 0.946499 1.72984 1.77715 0.904806 0.746888 -0.28143 0.339658 
-12.911 0.492999 2.56519 -0.929847 0.830382 -1.56394 0.226064 -0.959975 1.0912 -0.63534 -0.650355 -0.528861 -0.451124 
-10.7746 -1.06982 2.51104 1.20485 0.618759 -1.65951 0.709264 0.526368 1.77345 0.826891 0.812381 -0.186554 -0.312082 
-10.6045 0.190211 2.52071 0.885598 2.69482 0.885287 1.31156 -1.21437 0.370207 -0.498395 -0.376062 -0.348537 0.29126 
-11.9248 0.966063 3.59611 -0.30053 0.491461 -1.67028 0.0248532 0.243925 1.41608 -0.863809 0.752454 0.565313 1.20117 
-12.911 0.439715 1.63093 -1.04055 1.23829 -0.513109 1.31759 -0.988039 1.22333 -1.15089 0.248612 0.30471 -0.577783 
-13.033 0.312957 4.66529 1.81272 1.12036 -2.13733 0.931488 -0.868683 0.213467 0.610467 0.629496 0.295007 -0.183395 
-10.9509 1.00541 3.04874 1.63577 1.5201 -2.86768 -1.07683 -1.28249 2.10826 0.913624 0.455417 -1.69404 -0.394352 
-11.2901 0.553319 2.97478 -0.12759 1.1796 -2.38914 -0.947011 1.02542 1.93151 -0.458525 0.347883 -0.581352 -0.0660629 
-11.4167 0.804322 2.81236 0.132175 2.39605 0.0310777 1.35703 -0.480656 0.556642 0.142632 0.867328 0.50079 0.26224 
-9.8614 0.482977 2.17863 1.05611 2.07268 -1.11425 1.07778 0.0518711 1.20323 -0.359474 -0.834866 -0.821549 0.0546159 
-11.418 1.9808 4.23552 -0.469531 1.71784 -1.59286 -0.369754 -0.068785 0.055181 -1.00939 -0.530563 -0.419241 0.916313 
-12.9982 0.15098 2.77186 0.628838 2.38388 -1.34332 1.33931 0.452784 0.236132 -0.643784 0.385342 -0.156749 0.162196 
-12.5069 -0.801857 3.08482 1.6685 1.37644 -1.63308 1.35787 0.608244 1.86462 0.423607 -0.177212 -0.0295242 0.331223 
-14.221 -0.240725 0.983491 -2.87585 0.421379 -2.11866 -1.21788 -1.45453 0.720055 -0.983864 -0.179766 -1.24595 -0.354482 
-15.7909 0.0234764 4.97983 -1.64726 -0.300915 -0.0530009 0.931146 -0.397309 0.493931 -1.28683 -0.720697 -0.393836 0.734387 