260
13
No
Void
-11.6794 0.190735 1.38246 1.3314 3.21918 0.768913 2.73246 -0.437303 1.85176 -0.732085 -0.562765 -0.698199 0.158039 
-13.7279 -1.09527 2.35874 -0.808313 0.811322 -1.92157 -0.749029 -0.319029 1.10629 -0.578009 -0.377441 0.165673 0.468206 
-13.6921 -1.42157 1.53898 -0.547211 2.69316 -0.799376 -1.55517 -1.18532 0.616713 -0.262007 0.462347 -0.0101247 1.04531 
-15.8526 -4.28957 0.378893 -0.805735 1.04596 0.496258 1.18354 -0.410975 0.765061 -0.921439 -0.02344 0.00150684 0.13646 
-10.6132 -1.11141 2.97772 0.598753 0.364131 0.368229 1.15132 -0.973348 0.807455 0.860647 1.14128 0.62533 0.262013 
-12.7265 -0.249408 3.68739 0.759872 1.78924 -0.894117 -0.155258 0.174488 1.65364 0.465869 1.26615 -0.128763 -0.372975 
-13.01 0.242034 2.07654 -1.52216 1.88538 -1.61709 -1.02851 -0.732949 -0.0883279 -0.974109 0.0716262 -0.223559 0.895599 
-15.3752 -2.24057 1.43128 0.37012 1.65366 -1.20161 0.185902 -0.663083 1.47424 -0.641913 0.0120677 -0.810871 0.44507 
-12.4817 0.403348 3.01682 -0.12153 1.99664 -0.372187 1.40668 -0.291224 -0.0454338 -0.802816 -0.371016 -0.125416 0.269314 
-16.0477 -0.497688 1.08786 -2.52286 1.32975 -0.326874 0.649223 -1.56622 1.3303 -0.304029 0.396482 -0.0112368 0.857523 
-15.4343 -2.00315 3.2912 -0.0938373 1.26469 0.325688 0.345008 -0.815055 0.584164 -0.625802 0.0390405 -0.5924 0.136998 
-14.5818 -0.678791 4.14955 0.368367 1.7592 0.222808 2.26972 1.44921 0.573736 0.253112 0.821008 -1.16789 0.343347 
-13.322 0.471938 3.54626 -0.284881 1.15637 -2.32599 -0.867551 -0.927738 0.539912 -0.62012 -0.0699007 0.0413774 -0.367269 
-12.142 -0.152205 2.69413 0.752039 0.448298 -0.883687 0.990963 -1.19552 1.27186 -1.29185 0.0113047 0.303021 0.781098 
-16.2703 -1.3575 2.40917 -1.07135 0.0946947 -2.52931 0.409876 -0.707187 0.576223 -0.511498 -0.05086 -0.0285302 -0.401308 
-8.5484 -0.597268 0.682204 -0.782926 0.911813 0.232171 0.575225 -0.0244946 1.15638 -0.468575 0.468655 -0.348954 0.824652 
-8.14778 1.10558 2.71755 1.12184 1.87669 -0.564334 1.3775 -0.128981 0.334153 -0.00355333 0.223165 -0.611887 -0.647507 
-11.7653 -0.0129565 2.84926 0.505596 3.12673 1.86364 2.31096 0.332306 0.949133 0.142746 0.282858 -0.819989 0.517862 
-14.9155 -1.40217 1.85329 -1.30523 1.93591 0.760419 1.3664 -0.382533 1.09757 -0.424352 -0.363944 -0.266393 -0.615595 
-10.9491 -1.59937 2.34959 0.211735 0.0196982 -1.36518 0.178642 0.0746175 1.2111 0.209687 -0.232796 -0.553324 -0.515337 
-15.0643 -2.17621 1.38565 -0.829267 -0.259878 -1.42262 1.01828 -1.56286 0.506671 -0.866822 -0.603259 -0.228899 -0.163753 
-11.7546 0.783962 3.83375 1.42703 2.83944 0.935602 1.04196 -1.72873 0.656865 -0.279855 -0.472239 -0.635332 0.906196 
-16.6309 -2.72886 1.94731 1.005 3.96385 0.439658 0.591777 -1.07635 0.166142 0.0639181 0.475104 -0.0926775 0.79204 
-11.8208 -0.228015 2.9855 1.06285 1.90206 -0.963741 0.682985 -0.807352 0.615099 -0.192815 -0.720293 -0.302273 -0.00663592 
-14.5258 -0.599987 0.695592 -1.83703 1.39573 -1.59503 -1.23053 -1.23031 2.3685 -0.722451 -0.290234 -0.96046 0.189113 
-15.2147 -2.54356 1.6595 -0.536325 2.0655 0.47764 2.57865 1.28191 0.484037 0.0548112 0.886726 -0.0267618 -0.967991 
-12.6662 -1.89509 1.95862 1.24675 3.03604 -0.185092 1.20202 1.67179 1.94415 -0.0408978 -0.973423 -1.04356 0.46604 
-11.1255 0.0173152 3.02595 1.30998 0.81736 -2.09919 0.956923 0.0651607 1.43425 -0.352829 -0.632758 0.130023 0.158797 
-13.0072 -0.217609 1.94279 -1.46864 2.67941 -0.435718 -1.33886 -1.14013 0.240515 -0.704195 -0.269404 -0.61972 0.219118 
-13.7331 -1.88559 1.01206 0.498621 1.61519 -1.11554 1.78106 0.131901 0.898477 -0.307934 0.141695 -0.814291 -0.1185 
-9.34101 -0.931641 1.05978 0.330968 2.11263 -0.493494 0.452357 -0.10296 0.117848 -0.538112 0.0546259 0.42272 0.889845 
-14.9623 -1.45502 2.19944 0.658861 1.64642 -1.28674 0.219175 -1.09983 0.112711 -0.954204 0.843161 -0.685631 1.13291 
-14.8508 -1.74726 1.02634 -0.077168 2.96305 -0.156739 0.479996 -1.84601 0.304424 -0.0960937 0.130161 -0.174126 -0.159887 
-15.2857 -0.493429 2.68657 1.62377 1.97515 -0.202103 4.628 0.397851 1.40441 0.31599 0.995058 0.243192 0.0136012 
-12.1196 0.417347 4.27078 1.17998 0.851746 -1.28443 0.449536 -0.0615712 1.74507 -0.626244 -0.105429 -0.380017 -0.777756 
-14.0387 0.711016 2.45358 -1.3311 2.58292 0.225019 1.10316 -0.21809 1.5601 -0.296389 0.0388049 0.0339695 -0.0293268 
-15.7426 -2.85767 0.914832 -1.98341 0.204375 -1.141 0.347767 -0.844211 -0.238195 0.0311841 1.47369 0.328145 0.475588 
-14.2701 -1.68058 2.71891 0.279641 1.58286 -0.219714 1.33479 0.271634 1.18292 0.537875 0.427095 -0.570203 -0.190655 
-8.46963 1.13214 2.41067 -0.495926 0.246128 -0.794089 1.16691 -1.48324 -0.0738587 0.293387 0.132537 0.0258505 -0.303664 
-13.2445 -1.39787 2.04813 -0.625737 2.66367 -0.102811 -0.136685 0.00390846 0.767527 1.16393 0.255272 -1.03572 0.739401 
-13.5657 -0.720256 1.77446 0.0907973 2.49771 0.134674 1.5013 0.152821 2.17544 0.0293414 -0.215666 -0.696719 -0.0477353 
-11.6785 -1.84253 1.34598 -0.991784 0.210061 -1.18247 0.243999 0.549936 0.399096 -0.394497 1.09233 0.38395 0.774209 
-13.3035 -0.178084 2.14958 -0.544514 0.938289 -1.74976 0.318088 -0.603789 1.01228 -0.0776117 0.75936 -0.568873 -0.390789 
-17.7328 -1.70895 0.806408 -1.47186 2.20186 -0.528925 1.41118 -0.907292 -0.0822105 -1.87887 -1.05787 -1.87563 0.561271 
-14.3364 -2.21135 -0.396779 -0.482341 4.07686 0.788534 1.2453 0.262918 0.804276 -0.739767 1.13431 0.475107 0.824081 
-10.7441 -0.723465 2.35425 0.064651 0.488079 -1.65888 -0.616349 -0.62696 0.561255 -0.240954 0.268451 -0.282445 0.689249 
-16.5981 -2.39441 1.73261 -2.14421 1.40149 0.783082 0.746351 -0.848462 0.158602 -0.375042 0.448484 -0.502491 -0.219595 
-11.8706 -0.282094 3.50939 0.801403 1.35622 1.25567 3.04026 -0.290325 0.855237 -0.250187 -1.24661 -0.898131 -0.111831 
-13.0896 -1.2712 1.29983 0.235329 2.8385 -0.737036 0.912587 0.0688327 1.13568 0.0432062 -0.962515 -0.870694 -0.0717323 
-14.9454 -1.68683 3.28471 0.756083 -0.364524 -2.68784 -0.851762 -2.39131 0.42426 -0.723233 -0.101782 -0.00694209 -0.533236 
-9.82085 1.37021 3.8541 1.42962 2.01019 0.648615 2.0016 0.599752 2.41674 0.146011 0.650807 0.729961 1.30671 
-4.99461 6.49624 9.54352 7.19475 5.42221 2.20501 4.36258 1.48436 2.02754 0.78024 1.11874 -0.09858 -0.579597 
-4.77947 5.56238 6.96679 4.1978 4.33237 1.31054 2.65284 0.652833 0.926602 0.158963 0.7006 0.208089 0.918758 
-3.40414 9.69637 10.0136 4.56244 6.5706 4.30628 3.06239 0.14871 1.97248 1.30217 1.90761 -0.304903 1.15064 
-3.00571 6.73569 8.23461 4.37031 4.7897 2.63259 2.58288 1.02086 1.83717 0.853901 0.555552 -0.432557 0.0187878 
2.73896 7.60065 9.26506 6.96994 5.57335 5.56287 3.27006 1.41548 2.25146 0.415611 1.64577 -0.0888343 1.16483 
2.31835 7.26717 7.65173 5.19369 4.23156 2.56957 2.65437 1.89735 2.24022 1.69603 1.42407 -0.226568 0.642157 
2.79776 9.26603 10.0154 7.66178 5.72385 5.05992 3.45244 0.982159 3.17066 0.443302 1.97011 0.104823 1.10856 
17.8401 8.6546 6.40048 6.8523 0.320441 3.64611 1.6977 1.13089 3.23663 0.720943 1.31623 -0.0802664 0.585582 
24.0868 7.60726 7.70216 9.57615 0.390696 4.9222 -0.213736 1.11631 2.91924 1.68719 1.61309 0.328694 1.83751 
20.0718 8.77038 7.10535 8.4337 1.49485 3.62896 1.7495 1.95433 3.01149 1.8116 1.40037 0.447881 0.402246 
21.4448 8.29881 8.5333 10.0528 0.565361 3.83431 -1.49939 0.535457 4.92926 2.36836 2.02941 -0.479946 1.8954 
20.84 10.437 7.00166 6.31787 1.43849 4.56926 1.60395 1.10829 3.17965 2.08898 0.644033 0.602811 1.25662 
17.9343 10.2274 7.71238 8.10848 1.81612 3.54644 -0.343583 -0.424202 5.09656 3.27466 2.00946 -0.929881 2.13205 
21.9988 11.2444 5.05168 6.39962 1.81617 3.15289 2.12214 1.28825 2.94249 1.63423 1.46721 0.173727 0.859445 
16.4529 11.6063 7.48126 6.66595 2.20541 2.41981 1.15372 0.108513 4.35693 4.00679 1.44765 -0.660003 1.88319 
23.096 11.3867 6.14301 5.52881 1.96655 4.12904 1.25853 1.68932 2.40784 2.333 1.4611 0.342355 0.630245 
15.0997 10.6233 6.81007 4.8749 1.5507 3.09951 0.393367 0.0721538 3.41932 2.97519 2.22677 -1.28165 1.79985 
24.9941 12.4191 4.42725 6.49364 1.4041 3.21298 2.07406 0.568598 3.08859 1.89059 2.2414 -0.188324 0.948504 
14.7041 12.3975 6.45515 3.01413 1.68496 3.18302 0.429525 -0.242868 3.58773 2.84594 2.40463 -1.70597 1.44644 
25.7394 13.5401 4.51453 6.08052 1.62115 3.4589 2.12167 0.342792 3.0405 2.14546 2.48952 -0.723932 1.14428 
13.3628 11.5108 4.99319 2.15617 2.4105 2.61804 0.661552 -0.0253397 2.23718 2.03808 2.24024 -1.24718 0.0417785 
24.1234 12.1694 5.26538 4.96241 1.48055 3.09145 1.91303 1.2859 0.921441 3.07553 2.88823 -0.108815 0.46595 
14.5645 11.5201 4.22001 2.67799 1.31138 1.98265 2.28239 0.0460785 2.12225 1.08271 1.4339 -0.167549 0.847563 
17.8447 12.3623 6.1405 4.16841 0.640028 2.90036 2.40154 -0.651762 1.82026 3.13686 3.10442 -0.470063 0.714572 
19.177 13.854 4.50007 3.5679 1.81592 2.44715 3.60687 0.211546 1.85927 1.71576 1.82127 -0.0971313 0.413877 
12.6464 12.5334 6.20203 2.17942 1.22944 2.62654 2.81208 -1.37412 0.608872 3.15888 2.9628 -0.753134 0.688246 
18.6873 14.6419 6.16039 3.73367 1.47648 2.25453 3.26223 0.46794 1.92496 1.74682 2.38368 0.311032 0.540731 
10.299 12.3135 5.46291 1.10777 2.23677 1.55062 2.00073 0.121548 0.952008 1.21374 1.75988 -0.0996236 0.495844 
15.3776 14.1551 6.61419 2.45415 1.25399 2.65114 3.56237 0.159688 1.26191 2.72667 3.37463 0.0624937 0.956525 
14.1597 14.627 5.66474 1.44424 2.12457 1.67106 3.29879 0.591885 1.10549 1.60518 2.02956 -0.109962 0.664769 
8.71615 12.7717 7.05751 1.17462 0.710923 1.76968 3.29285 -0.9946 0.441161 2.11799 2.75143 0.152019 0.526063 
14.4465 14.7488 6.91467 2.42666 1.08725 2.01387 3.89391 0.150151 1.25821 1.94387 2.59493 -0.0202965 0.965678 
7.57035 12.5082 7.00205 1.37908 0.178665 0.947532 3.78867 -0.443994 0.987412 1.21743 1.6298 0.0271381 0.393348 
8.99936 12.5886 7.5735 1.53183 0.199837 1.32798 3.41582 -0.0549674 0.526654 2.19399 2.94534 0.385944 1.38609 
10.0332 13.5376 7.67762 1.45751 1.12347 1.78749 3.41952 0.392151 1.42951 1.43494 1.0314 0.218617 0.404156 
4.02999 12.0088 6.86788 0.793393 0.615088 0.0919302 3.11959 -0.562278 0.80787 0.861496 2.13634 0.439726 0.763428 
9.94036 13.9672 7.07342 2.51823 1.00951 0.878536 4.20753 -0.34232 1.66118 1.44904 1.31966 0.38897 1.57201 
0.970851 10.3933 6.46297 -0.140136 0.513437 -1.11275 2.48633 -0.925663 -0.126861 1.10318 0.604076 0.29405 0.178234 
6.58541 13.5112 8.23244 1.06747 0.456511 1.23193 4.1959 0.00630481 1.18389 1.69919 1.60476 0.457872 2.12104 
2.49916 9.61927 5.40918 1.12471 0.187557 -0.339337 2.69556 -0.724801 0.993461 -0.231798 1.17854 0.14361 0.82902 
7.88365 9.98316 7.26526 2.10443 -1.14428 1.59249 3.43226 0.385398 1.23519 0.85542 1.36229 0.770042 2.40134 
4.81599 9.78715 5.37138 0.419905 -0.0502837 0.935347 3.1722 0.280011 1.36889 0.267279 1.53311 0.864438 0.999604 
7.90186 9.86971 8.74248 1.71448 -2.33347 2.12455 3.8959 0.505041 0.401395 0.954168 1.14408 1.07749 2.17744 
-0.268412 7.41332 5.11394 0.283982 -0.487795 -1.03335 2.00777 -0.161255 0.858977 -0.307839 0.268307 0.397701 1.115 
2.60335 12.7519 9.20799 1.24867 -0.120982 0.716605 3.92869 0.110507 2.3403 0.0993425 1.01383 1.33515 0.7511 
-6.38177 9.37495 8.57859 -1.23175 0.57783 -1.10318 1.88681 -0.0171407 -0.346505 -0.727067 1.07986 1.47137 0.01166 
-7.43026 7.24233 7.92077 0.242194 1.039 -0.379155 2.84572 1.02331 1.20173 0.47241 1.2038 0.800565 0.486278 
-2.18855 9.31203 8.75319 2.17275 0.237368 -0.251297 3.48065 -0.111644 2.19452 1.22698 0.59721 1.21842 1.47833 
-8.52525 5.39958 6.62615 0.773216 1.13465 -1.27729 0.0591889 -1.10799 0.420915 -0.79273 1.34259 0.139993 0.225629 
-5.3151 7.389 6.41427 -0.403619 0.761753 0.26472 2.41887 0.735962 1.83953 -0.851994 0.000206912 0.0733835 1.53332 
-2.99188 10.7695 8.27924 0.446287 1.67283 -0.0173602 2.3921 1.20319 2.18391 -1.04869 0.890621 0.949969 2.16531 
-9.99793 5.98225 5.80161 -0.906262 1.10662 -1.10353 0.889639 -1.27873 0.165824 -1.11045 1.33574 0.403716 0.564124 
-14.2994 2.70032 4.24295 -0.412975 1.69578 -1.51201 1.17693 -0.240289 1.60102 -0.372419 0.74432 -0.754449 0.0938681 
-14.3451 2.90943 5.86152 -0.165015 -0.169296 -1.93491 1.0749 -0.500731 1.29873 -1.49647 0.106042 -0.228232 0.918837 
-6.69723 6.86164 6.47858 0.269226 -0.46328 -1.55233 2.986 -0.545483 1.38235 0.195765 0.0916186 0.626574 0.669496 
-14.2527 0.894742 2.55707 -2.77875 -0.805403 -3.06361 -1.64922 -3.12052 -0.68996 -1.93505 -0.891918 -0.390391 0.0514193 
-17.8249 -1.92678 2.19772 -2.2255 0.385671 -1.06815 0.577567 -0.910039 0.46195 -0.609665 -0.834068 -0.861723 0.601112 
-14.1841 3.42292 5.57355 0.160185 1.01793 -1.58637 0.878466 -0.430285 2.31595 -0.385804 0.799678 -0.613283 1.27073 
-17.7712 1.31451 3.63541 -0.240425 3.15046 -0.675534 1.22888 -0.904807 2.54615 -0.313211 -0.367849 -0.231333 0.445769 
-19.6865 -2.0132 1.89601 -1.90409 -0.641963 -2.86135 0.27145 -2.17474 0.247872 -0.253397 0.752153 -1.3007 -0.371704 
-20.0759 1.09213 3.69109 -1.83805 1.34958 -2.18704 0.385286 -1.66341 1.27092 -0.701235 0.200012 -1.11797 0.390145 
-12.793 3.66016 4.91881 -0.789694 1.5941 -1.08625 0.973603 0.990726 2.02143 -1.01081 0.595997 -1.08258 0.414672 
-19.16 0.0481118 3.33091 -1.05306 1.9113 -1.1314 1.07937 -1.28578 0.859319 -0.813947 0.13767 -0.399037 0.947958 
-17.6914 1.61071 4.09277 -2.38414 0.407781 -2.5766 1.02109 -0.566705 1.26639 -0.115052 -0.529813 -0.252352 -0.211087 
-13.6535 1.94678 4.92495 1.83433 1.46619 0.0193337 3.63946 0.196528 1.75406 0.00923896 1.77284 -0.603052 0.425748 
-13.211 3.4516 5.00007 0.254144 2.03215 1.15987 3.50182 0.312328 2.12468 0.243788 1.68732 -1.44675 0.976356 
-13.9514 2.00273 4.44983 1.79946 4.44956 0.968055 2.94456 1.29393 2.81917 1.3855 1.45874 -0.80637 1.40024 
-13.3943 2.76533 5.38718 1.36059 2.95101 -0.47841 2.94536 0.341062 1.43762 1.14711 1.36087 0.821696 -0.587448 
-11.1178 4.17712 6.39945 0.449955 0.688208 -0.444055 2.76511 0.711524 1.82782 -0.1451 0.641794 0.0296727 0.114801 
-13.5753 1.47497 4.75653 -0.463722 1.71947 -0.577129 0.947531 0.169034 0.870654 0.455478 0.803061 0.0402119 0.392164 
-12.541 -0.897397 2.25112 0.487107 1.03012 -2.56218 -0.135488 0.144144 1.42561 -0.0266664 -0.145444 -0.155208 0.147738 
-15.1717 0.0936375 4.10591 -0.873406 0.505193 -0.871805 0.722942 -1.65233 -0.204213 -0.351368 0.073791 0.0399648 0.0832609 
-15.0838 -0.399304 3.15388 -1.5895 -0.64642 -1.39468 0.314734 -2.04083 -0.0604268 -0.761035 -0.628689 -1.39854 0.0135453 
-14.1251 0.618839 3.46484 -1.62075 0.82245 -1.55327 -0.0960074 -0.178553 0.174532 -0.918597 0.0542253 -0.830054 0.00244708 
-11.4174 0.463376 2.08312 -0.617472 2.56847 0.95356 1.51917 -0.0121361 0.0933956 -0.531477 1.55884 -0.598308 -0.513637 
-12.623 1.14832 2.83691 -1.69632 0.914948 -1.45126 1.2253 0.993982 1.0113 -0.393482 0.00402974 -0.175595 0.394686 
-20.0652 -2.55869 2.11032 -1.22935 0.747081 -1.52839 0.0825416 -2.36654 -0.963975 -1.92981 0.47997 -0.391808 1.0822 
-21.997 -2.72517 3.98463 -1.83636 -0.664643 -0.885246 2.10315 -0.928769 0.0488615 -0.939313 -0.716142 -0.160711 1.06523 
-20.5832 -2.17745 4.056 0.0662285 0.663423 -1.64929 1.90038 -0.183521 0.509759 -0.117199 1.08861 0.0375571 0.363671 
-18.6689 -0.219287 5.20923 -1.01104 1.07772 -0.692209 0.730067 0.0781591 1.85957 1.09601 1.38687 -0.200417 0.0683019 
-20.9962 -1.80794 3.16226 -0.320215 1.829 -2.3014 0.790701 -0.742973 1.32754 0.055502 -0.462418 -0.79227 -0.152883 
-24.1095 -5.04978 3.55638 -0.617369 -0.363576 -1.42151 -0.100055 -0.802685 1.06575 -1.86918 0.235074 -0.626335 -0.0097088 
-20.6262 -3.6966 1.1068 -1.30206 1.90801 0.531571 3.00459 0.883124 1.48513 -0.427266 0.878426 -0.0696154 0.544814 
-19.2279 -1.18027 3.4497 -1.56177 0.0792264 -1.42621 0.299608 -1.9407 0.724476 -0.267224 0.332816 -0.582985 0.698599 
-19.038 -1.89767 1.89036 -1.86235 2.45312 -0.724057 0.0120462 -0.972584 0.314334 -0.544854 -0.504974 -1.72302 -0.237621 
-20.4263 -1.26019 2.03398 -1.46844 1.24252 -3.09568 0.334631 -0.746942 2.03527 0.257019 0.440419 -0.292293 -0.350576 
-18.7518 -2.89545 1.71355 -1.28223 1.99469 -0.84559 0.542707 -0.0729216 1.70058 0.281732 -0.82851 -0.641117 0.227654 
-19.8619 -2.22885 1.14272 -2.98761 -0.33914 -3.19265 -0.9236 -1.5518 0.731354 -1.32178 0.00981963 -0.633463 -0.284877 
-20.731 -3.41178 1.3488 -2.6706 0.715879 -2.53686 -0.105633 -0.858298 0.272508 0.0647026 -0.914704 -0.531672 0.270169 
-18.133 -1.81417 2.91934 0.617469 3.59412 -0.750079 1.90714 -0.0683246 -0.234526 0.313057 0.693816 0.717984 -0.49508 
-14.9278 -1.84875 2.02118 -1.44629 1.24183 -0.222002 -0.32997 -1.02099 1.03063 -0.087473 0.381792 0.552011 -0.231235 
-19.3026 -1.86929 1.45758 -0.752665 1.96683 -1.07191 1.64107 -1.27187 1.24358 -0.223347 -0.408691 -1.03806 0.559797 
-17.4822 -1.38279 3.10515 -0.662694 1.39125 -1.15713 0.653589 -0.669059 1.13393 0.326919 -0.286198 -1.06166 -0.232559 
-19.0892 -1.93062 2.19597 -1.2502 1.45705 0.135396 1.95662 -1.6629 0.692539 -0.00174178 -0.0853329 -0.899421 0.0144636 
-18.0188 -1.45806 2.29578 0.295459 1.2472 -1.99626 2.26911 -1.21182 0.425638 -0.0545954 -0.172057 -0.739637 -0.193036 
-20.4211 -2.59727 2.07653 -2.5613 2.03475 -0.680342 0.639759 0.138403 0.359012 -0.085404 0.297282 -0.191042 0.644993 
-19.1214 -2.0505 1.90953 -1.60442 0.631733 -2.39464 0.963395 -0.237508 0.776833 -0.0971435 0.645696 -0.0661549 0.257043 
-17.4283 -3.2809 1.10372 -0.53772 1.0161 -0.327249 0.0882191 -0.786656 2.04362 -1.18373 0.582211 -0.394084 0.947751 
-18.9 -3.29137 1.64046 -0.653501 -0.0529025 -2.60139 0.224456 -0.38101 1.45065 -1.28383 0.110945 0.16607 0.363565 
-17.9205 -2.11095 1.47255 -1.79215 1.21357 -1.25925 0.419815 -1.56093 -0.606128 -0.919669 0.349655 -0.185691 0.394405 
-18.8275 -2.40611 1.40837 -0.251392 1.99792 -1.38428 1.76335 0.20223 1.79969 -0.565187 -0.105166 -0.371047 -0.0657215 
-14.643 -1.29223 0.787334 -0.528627 0.978746 -0.869169 2.4412 -1.07356 1.40838 0.704171 0.409423 -0.235407 -0.128245 
-21.999 -3.75892 0.499781 -1.94225 0.357616 -2.76195 -0.490574 -1.92988 0.698683 -2.06945 -0.46087 -1.41474 -0.574968 
-18.5606 -1.32145 4.78441 0.0134891 0.814226 -1.42151 1.02697 -0.262499 0.329636 -0.993894 -0.108085 0.345595 -0.215547 
-19.8737 -2.77253 3.22283 1.14608 2.4352 -0.0322405 2.21752 0.0775526 1.92621 -0.0161716 0.759915 0.248347 0.19925 
-15.6381 -0.308509 3.72574 -0.45921 0.613249 -0.411849 0.999912 -0.785362 1.27056 -1.34052 0.0634613 0.366781 0.292738 
-19.7622 -2.7624 2.67875 0.468275 2.57787 -1.96801 -0.523488 -1.32636 0.517467 0.0374819 -0.0832216 -1.15801 0.511621 
-21.2472 -4.21637 0.701078 -2.55754 -0.615827 -2.07417 -0.0322877 -2.36221 0.510369 -0.581333 -0.879471 -1.57689 0.301745 
-18.0828 -3.82239 2.09682 1.12289 0.909213 -1.80791 0.745697 -0.796072 0.654605 -0.634486 -0.0686636 -0.928049 0.14479 
-17.9089 -1.67053 2.09615 -0.956512 -0.130677 -3.4411 -0.129585 -1.40999 -0.00130347 -1.20127 0.687036 0.0799399 0.250755 
-18.7298 -1.86577 1.39823 -1.62977 3.03375 0.747951 2.36117 -1.06286 -0.10025 -1.44161 -1.41615 -0.273364 -0.728766 
-19.29 -2.26305 1.32546 -2.24125 -0.91978 -2.65659 0.859549 -2.46896 -0.600817 -0.858911 0.580145 -0.251788 0.328123 
-21.3045 -3.17924 3.23331 -0.873324 -0.255877 -2.60551 1.14932 0.242572 1.25592 0.314567 0.89368 -0.221709 -0.11709 
-18.2571 -1.2498 1.89387 -2.336 0.299912 -2.50022 0.0763151 -0.756923 1.23256 -0.0853835 0.147343 -0.449971 0.686762 
-18.9903 -1.15367 1.85615 -0.664276 2.059 -0.970582 1.24696 -1.64671 0.68827 -1.54774 0.189253 -0.201143 0.446518 
-23.9692 -3.86151 2.74413 -0.326979 1.13194 -1.89374 0.170385 -2.33112 0.165304 -1.06532 0.430556 -0.906343 -0.0962687 
-15.566 -1.42623 3.386 0.264558 0.940975 -1.73936 -0.391902 -0.65317 0.663332 -0.695898 -0.132276 -0.565173 1.1112 
-17.2526 -0.334256 3.26657 -0.251729 1.66964 -0.342029 2.03577 -0.845169 0.832671 -0.647655 0.189121 -0.709985 0.268718 
-20.6959 -1.63202 3.0358 0.848688 2.63937 -2.35249 1.06128 -1.19679 1.18333 0.885309 0.981564 -0.368137 0.130395 
-20.6638 0.685963 4.75558 0.104313 2.17254 -2.62564 2.94816 1.00729 1.1519 0.267184 0.331633 -0.0353029 1.77099 
-18.7607 -1.21071 3.96566 -0.110221 -0.0948417 -2.24385 0.0921209 -0.495253 2.02445 -1.34231 0.906249 0.285456 0.315803 
-21.7499 -2.7597 0.871378 -2.49027 2.16092 -2.39815 -0.890782 -0.693639 0.984552 -1.20489 0.135587 -0.53584 -0.123649 
-21.6362 -2.32714 1.49383 -1.15986 1.30074 -2.73601 1.18274 -1.26086 0.364029 -0.771047 -0.237481 -1.80789 -0.542607 
-19.8217 -2.49257 0.86362 -2.70385 0.93855 -0.828349 2.2013 -0.49906 0.529974 -0.56212 -0.300443 -0.587824 -0.149628 
-18.2618 -0.905548 3.99263 -1.45866 0.940424 -1.70686 -0.820521 -0.54448 1.66165 -0.177082 -0.707055 -0.931287 0.0731606 
-20.1392 -2.46131 -0.212133 -2.82094 0.855812 -1.84278 1.5428 -1.59421 -0.0879147 -1.07385 -0.426546 -1.60676 0.214906 
-17.7385 -1.40759 1.20761 -1.83948 2.25214 -0.985576 1.96967 -0.877997 -0.489227 0.556913 0.407701 -0.328457 0.258898 
-17.4921 -3.05086 1.54794 -2.24586 -0.127293 -1.28205 0.0586613 -0.669498 1.24705 0.504852 0.345988 -0.194589 0.342352 
-14.2056 -1.06021 0.696794 -2.32957 1.10421 -1.10622 -0.569217 -1.33805 0.508907 -0.563327 0.353775 -0.503976 0.409049 
-17.8868 -2.57017 0.978919 -1.81294 1.88898 -1.2588 -0.044602 -1.0747 -0.336797 -0.926624 0.113524 -0.410119 -0.159058 
-16.9338 -1.95225 1.25444 -1.7204 1.15244 -1.19851 0.590535 0.063436 0.769558 -1.68902 -0.180044 -0.425216 0.294889 
-14.6644 -0.349879 1.85279 -2.01175 1.00338 -2.41839 -1.34879 0.649932 1.89721 -1.03305 0.279095 -0.733021 0.286501 
-19.6168 -1.2264 2.54739 -2.97838 1.97229 0.703519 0.604547 -1.34952 1.02761 0.281337 0.817426 0.0896374 0.8008 
-20.3361 -2.58323 1.92882 -1.31293 0.191262 -1.83619 1.32353 -1.43472 1.00459 -0.0395963 0.864976 0.316926 0.503839 
-17.5609 -2.39796 2.86137 -1.06844 0.925632 -0.819022 0.772384 -0.535107 0.339587 0.254972 0.146221 -0.234095 0.114731 
-15.1595 -0.560453 0.196264 -4.03179 -0.0990037 -2.39523 -0.435618 -1.03112 1.16043 -0.66633 -0.233418 0.0740794 -0.386541 
-15.3601 -2.36189 3.46009 -0.621454 0.555506 -1.17872 -0.663891 -0.495609 -0.907228 -1.15996 -0.182234 -0.59738 -0.00764298 
-16.6267 0.0762503 4.57177 -0.507515 0.535101 -1.58008 1.00521 -0.194992 0.669656 0.0106789 1.10807 -0.0357187 0.354635 
-15.0615 -2.62786 1.47262 -1.30795 -0.15826 -1.54337 0.27812 -1.2637 -0.895279 -0.865936 0.0418037 -0.657517 0.224403 
-16.5027 0.00741931 2.36994 -2.26733 0.325363 -2.61949 -0.828518 -1.50394 1.15367 -1.34578 -0.769012 -0.386544 -0.69681 
-18.6923 -2.72252 1.02029 -2.64397 0.417128 -1.39083 -0.113081 -2.45246 -0.920874 -0.762661 0.488427 -0.421225 0.163937 
-18.0343 -1.27999 1.25547 -1.0065 2.07234 -1.60032 1.36108 -1.02051 0.982478 -0.306561 0.107402 0.120192 0.240766 
-13.6104 -0.485847 4.62493 -0.041282 -0.448588 -0.466036 0.944928 -0.16639 0.574098 -0.682633 1.06024 0.330904 0.411912 
-19.1136 -2.34297 2.26157 -0.714934 2.18612 -0.342671 0.313279 -0.890138 1.96514 -0.171513 0.137136 0.000547723 0.660002 
-18.8001 -1.84633 2.022 -1.42631 2.16904 -0.192758 1.16687 -0.938914 1.3279 0.913627 1.13675 0.318933 0.319882 
-19.4096 -1.75146 0.832241 -3.02125 2.68682 -0.921004 -0.0676281 -1.45833 -0.0881198 -0.553696 -0.264526 -0.701187 -0.0132473 
-15.7325 -0.864925 2.2335 0.1278 1.35721 -2.25318 -0.940177 -2.43602 0.14989 -1.31258 1.03626 0.262202 -0.0752341 
-16.2829 -1.22092 3.04296 1.26343 3.34134 0.0264374 0.675675 -0.236399 0.908232 -0.964059 1.40755 -0.229476 0.322405 
-14.8011 0.408515 4.2559 0.630052 2.35833 0.829944 2.86667 0.452752 0.990932 0.0516333 1.32333 -0.0675309 -0.0999249 
-17.0479 -2.13508 0.754643 -1.5537 1.24722 -1.47189 0.967393 -0.479896 1.10336 -0.240872 0.0335591 -0.354162 0.212093 
-15.1531 -1.41011 1.9202 -1.26194 -1.9113 -2.99952 -0.163769 -1.52911 0.750003 -2.3481 -0.0505691 0.448077 0.603124 
-16.1681 0.128038 2.10247 -1.45853 1.84767 -0.330941 0.379042 -0.842837 1.9739 -1.21938 0.392432 -1.0962 -0.285888 
-25.1495 -5.55318 -0.388323 -0.632567 1.01543 -3.48434 0.836059 -2.1338 -0.208578 -1.17398 1.21111 -0.856161 -0.176481 
-15.7257 -1.18712 3.42611 -0.397883 0.172422 -1.3275 -0.163011 -1.25673 1.68191 -0.265631 -0.689337 -0.799896 0.0281802 
-18.2084 -1.78442 1.45231 -1.58641 1.8802 -1.16692 1.17826 0.417346 1.91079 0.333385 0.00539739 -0.645066 1.01363 
-16.4886 -1.20391 2.2837 -0.284796 1.4565 -0.379618 1.57032 -1.37301 0.491416 -0.261322 1.15776 -0.660884 -0.760882 
-18.4255 -1.08145 2.83218 -0.658325 1.90471 -0.474791 1.77274 0.0246122 0.930046 -0.975011 0.29383 -1.26309 -0.0169678 
-14.3674 -2.38942 0.481518 -0.749468 0.0214421 -2.04161 -0.426304 -0.68986 2.11573 -0.315455 0.804382 -0.571914 0.292467 
-14.907 -1.99477 1.40856 -0.171286 2.75625 -1.23188 -1.93239 -2.30206 0.858353 0.51531 0.227871 -0.200701 0.282525 
-22.6249 -3.71376 0.511474 -1.75665 0.947992 -2.87179 0.356128 -1.45299 0.711253 -0.552802 0.303446 -1.32285 -0.260476 
-17.2026 -0.870554 2.44061 -0.571677 2.30473 -0.669546 1.12313 -0.167831 1.70149 -0.22054 0.0767131 -0.724114 0.162638 
-14.801 -0.950467 1.12207 -2.6446 -0.0462584 -2.56976 -0.047804 0.481227 0.276804 -1.49044 0.157376 -0.677491 0.895115 
-19.5132 -0.693389 4.30963 -0.669515 1.80771 -0.511114 1.90818 0.567842 1.0068 -0.0721266 0.759239 -0.799902 0.98505 
-15.5056 -0.327414 2.95622 0.303823 2.90384 1.40234 2.51342 0.836823 1.74658 -1.60715 0.702464 -0.172587 0.568835 
-15.715 -1.06831 3.20078 0.585853 1.30807 -0.849239 1.14241 -0.917802 1.00655 -0.252267 0.102053 -0.546794 0.498038 
-16.4274 -1.38972 0.538645 -2.17962 0.573254 -2.38757 0.0474138 -1.84817 0.451927 -0.792197 -0.60811 -1.01588 -0.935509 
-17.5634 0.359548 4.48904 -1.59964 0.329382 -0.547425 1.44829 -1.27139 0.747119 0.251791 0.414245 -0.772483 -0.200469 
-19.6543 -3.1321 2.02118 -1.38451 0.469557 -1.52115 1.62971 -0.104376 0.963753 -0.0428938 -0.277573 -0.375354 -0.453388 
-15.6993 0.553489 2.93904 -0.321884 1.34567 -2.27932 1.00477 -1.23452 0.147403 -1.08327 0.164906 0.388274 0.445533 
-19.2412 -4.21443 -0.289979 -1.03426 2.55493 -0.531311 1.44334 -1.80144 -1.21547 -1.32317 -0.51754 -0.277136 -0.251604 
-15.9224 -2.11842 1.78918 -1.12788 2.48808 0.643479 1.93309 1.11749 1.61537 0.776326 0.113655 -0.519745 -0.286449 
-15.6412 -1.13487 3.18131 -0.0557401 2.24061 -0.377456 0.848055 -0.555524 0.0287053 -0.416435 -0.218963 -0.218276 0.587685 
-14.2095 -1.61089 0.489458 -2.43689 -1.39514 -2.66455 -0.262825 -1.17956 0.994058 -0.881417 0.403759 -0.285027 0.191778 
-14.7194 -0.552714 3.31611 0.805263 4.22869 -0.0502908 -0.199208 -0.692965 0.690286 0.57078 0.295811 -0.0287324 0.0781955 
-13.1661 -0.00483374 3.86068 0.764855 1.56344 -0.171781 1.01284 -0.439428 2.01095 0.76816 0.858294 0.533555 0.0631271 
-12.8508 -0.336193 1.70897 -0.895525 1.28304 -0.693937 0.422428 -1.18447 0.885459 -0.17401 0.559334 0.140799 0.312459 
-16.7185 -0.663811 3.90284 -0.349079 2.22819 -0.481365 -0.112124 -0.0103809 1.24931 -0.970341 0.278882 -0.154135 -0.0332916 
-14.7849 -0.893007 2.03616 -1.10157 2.11504 -0.579849 -0.523265 -1.60992 0.885658 0.337951 0.239647 -0.029101 0.291035 
-14.0111 -0.498365 1.5715 -1.14134 1.95842 0.0410882 0.555089 -1.66794 1.61767 0.424292 -0.721036 -0.594317 0.727669 
-13.5 -0.0949359 1.93719 -0.971089 1.68359 -0.357158 0.838461 -1.25213 0.696937 0.199752 0.475632 -0.561233 0.151283 
-17.1393 -1.40137 1.38349 -1.10362 1.7948 -0.685874 0.387795 -1.82929 0.242547 -1.00053 0.802114 -0.77689 0.607331 
-14.3058 -0.424069 2.50722 1.14621 2.43265 -1.37771 0.294643 -1.13236 0.869545 -0.425066 1.14096 -0.0725288 -0.028506 
-17.9566 -2.67186 2.19933 0.776557 4.01288 0.499862 1.69154 0.126858 0.93619 0.728211 0.347423 -1.11177 0.0833185 
-15.2772 -0.872283 2.67998 0.856392 1.58247 -2.64705 0.94979 -0.647225 0.316664 -0.0304826 0.717033 0.925008 0.203928 
-17.7015 -0.983881 3.5018 -0.62309 1.49963 -1.34689 0.638663 -0.630405 1.12719 -0.563594 -0.677603 0.272954 -0.312121 
-16.9426 -1.65815 3.27945 0.94813 2.4443 1.18211 1.97866 -0.0472643 1.5621 -1.18106 0.705662 -0.922635 -0.69304 
-14.2919 -0.852353 2.65221 0.698811 1.84629 -0.623947 1.85226 0.519688 0.92616 -1.08294 -0.103044 -0.591224 0.44474 
-14.8463 -1.10186 1.2388 -1.48213 -0.676085 -1.2227 0.80653 -0.769677 1.88846 -1.22399 1.22266 -0.43517 0.329441 
-17.2002 -2.43505 2.14358 -1.76367 1.64475 -0.882215 -1.27458 -1.20035 0.267512 0.144577 0.235271 -1.07153 0.0286855 
-15.7276 -1.29292 1.64014 0.570966 2.13069 -0.992993 1.89559 -0.561138 1.05309 -0.186901 0.655837 -0.443496 0.0256696 
-13.5235 -0.776249 1.76604 -0.825989 0.75374 -1.52391 1.64807 -0.757025 0.142349 0.611122 -0.000329994 0.0278275 0.471815 
-15.2732 -1.04103 1.46465 -0.381864 1.48713 -0.80067 0.464784 -2.25879 1.19604 -0.653178 -0.182369 0.141042 0.978706 
-14.1428 -0.354056 2.76769 -0.321415 2.37631 -0.897059 -0.21823 -0.927224 0.0163982 -0.491509 0.340067 -0.212626 0.240941 
-15.1447 -1.63242 2.6866 -0.172734 2.23552 -0.325838 0.319333 0.764859 2.41644 0.618444 0.0939363 -0.255911 0.186602 
-13.8376 0.42751 3.60211 -0.698669 0.459744 -1.96837 -0.041319 -0.657008 0.984619 0.0463667 -0.144003 -1.28375 -0.275423 
-15.823 -1.81174 1.34266 -1.20261 1.85514 -0.689774 0.626911 -1.27269 0.00300064 -1.15602 -1.05788 0.63081 1.2318 
-11.6801 -1.06343 3.51931 2.95507 3.05205 -0.58015 1.70567 1.02013 0.584308 -0.183279 -0.298426 -0.449451 -0.569188 
-14.0345 -1.12832 2.12869 0.293835 2.97594 1.91201 1.51152 -1.38079 1.35564 -0.38328 -0.260015 -0.514584 0.143983 
-13.4079 0.227528 2.70534 -0.216523 0.16446 -1.37775 1.46148 -0.879153 1.32152 -1.193 -0.651903 -0.420883 -0.252858 
-19.4342 -2.2573 0.623157 -2.24829 1.64114 -0.925837 -0.0476398 -2.79681 0.242808 -1.33145 -1.15406 -1.4546 0.326866 
-15.8413 -2.6987 1.90222 -0.667917 -0.408902 -1.77506 0.2932 -0.681415 1.55069 -0.216688 -0.410424 -0.485603 0.396383 
-11.2537 -1.31599 2.93073 -0.710117 0.140215 -0.719978 -0.861613 -0.56401 0.198312 -0.190015 0.820757 0.555037 0.0496853 
-15.0989 -2.19659 1.48697 -0.892588 0.107115 -3.40849 -2.32058 -1.58882 1.56659 -0.315919 -0.823572 -0.544074 -0.00803204 
-13.8545 -2.51364 1.6876 0.198441 1.13741 -0.966768 -0.324002 -0.835776 1.7071 0.38028 -0.134081 -0.42223 0.148922 
-15.8012 -1.91128 1.93813 -0.392004 1.36373 -1.42265 -0.720321 -1.08445 1.61047 -0.155048 0.123502 -0.74083 -0.0943214 
-13.5556 0.0903467 3.77778 1.0779 1.27328 -3.05315 -0.24992 -0.804212 0.155509 -0.455024 -0.119233 0.538103 0.765362 
-16.4417 -2.20473 1.9417 -1.23135 0.559306 -1.70287 -0.592668 -1.30654 0.922752 -0.62621 -0.883878 -0.804259 -0.150331 
-13.0581 -0.410223 1.61912 0.170451 2.04313 0.047346 2.45953 -0.211029 1.35026 -0.0886029 0.225519 -0.0276509 0.524775 
-14.35 0.178688 3.74814 0.754345 1.31609 -0.62838 2.87918 -0.473541 0.999184 1.14254 0.621122 -0.258838 -0.431189