418
13
Stop 
Phillip
-53.9704 -14.6919 -2.7434 -6.39244 -0.0716519 -6.61416 -2.33359 -5.91286 -1.26563 -4.13608 -0.393095 -1.89044 0.139052 
-20.9027 -4.73622 -2.4387 -5.07829 1.07914 -1.37714 -2.16602 -2.12 -0.0278818 -2.34558 0.153439 -1.44594 0.175532 
-23.4535 0.906911 3.9578 -1.7298 3.71541 -1.30875 0.143462 -1.67322 1.34203 -1.59522 -0.227308 -0.706863 -0.0765624 
-26.5786 -1.69 6.04905 -0.515408 0.369862 -2.39296 0.131154 -3.16374 -1.24254 -1.51463 1.81194 -0.842657 -0.65343 
-32.7415 -3.9622 0.0236908 -7.29063 -0.299267 -3.24366 -0.609784 -3.29472 0.147821 -3.15877 -0.825333 -1.18392 -0.645998 
-61.302 -7.69713 0.304033 -11.6756 -0.549532 -7.01354 -1.5129 -6.64505 0.155752 -5.5381 0.0988629 -2.38662 -0.248606 
-153.608 -28.6512 -2.17315 -22.7654 -1.99852 -19.7401 -1.71389 -15.884 -1.37933 -11.1754 -0.822291 -5.66435 -0.119716 
-220.29 -38.8351 -2.17315 -32.3574 -1.99852 -28.1828 -1.71389 -22.6867 -1.37933 -15.9428 -0.822291 -8.11941 -0.119716 
-286.971 -49.019 -2.17315 -41.9494 -1.99852 -36.6255 -1.71389 -29.4895 -1.37933 -20.7103 -0.822291 -10.5745 -0.119716 
-353.652 -59.2028 -2.17315 -51.5414 -1.99852 -45.0682 -1.71389 -36.2922 -1.37933 -25.4777 -0.822291 -13.0295 -0.119716 
-420.333 -69.3867 -2.17315 -61.1334 -1.99852 -53.5109 -1.71389 -43.095 -1.37933 -30.2452 -0.822291 -15.4846 -0.119716 
-487.015 -79.5706 -2.17315 -70.7255 -1.99852 -61.9536 -1.71389 -49.8977 -1.37933 -35.0126 -0.822291 -17.9396 -0.119716 
-553.696 -89.7544 -2.17315 -80.3175 -1.99852 -70.3963 -1.71389 -56.7005 -1.37933 -39.78 -0.822291 -20.3947 -0.119716 
-620.377 -99.9383 -2.17315 -89.9095 -1.99852 -78.8391 -1.71389 -63.5032 -1.37933 -44.5475 -0.822291 -22.8498 -0.119716 
-687.059 -110.122 -2.17315 -99.5015 -1.99852 -87.2818 -1.71389 -70.306 -1.37933 -49.3149 -0.822291 -25.3048 -0.119716 
-753.74 -120.306 -2.17315 -109.094 -1.99852 -95.7245 -1.71389 -77.1087 -1.37933 -54.0823 -0.822291 -27.7599 -0.119716 
-820.421 -130.49 -2.17315 -118.686 -1.99852 -104.167 -1.71389 -83.9115 -1.37933 -58.8498 -0.822291 -30.2149 -0.119716 
-887.102 -140.674 -2.17315 -128.278 -1.99852 -112.61 -1.71389 -90.7142 -1.37933 -63.6172 -0.822291 -32.67 -0.119716 
-953.784 -150.858 -2.17315 -137.87 -1.99852 -121.053 -1.71389 -97.517 -1.37933 -68.3846 -0.822291 -35.125 -0.119716 
-1020.47 -161.041 -2.17315 -147.462 -1.99852 -129.495 -1.71389 -104.32 -1.37933 -73.1521 -0.822291 -37.5801 -0.119716 
-1087.15 -171.225 -2.17315 -157.054 -1.99852 -137.938 -1.71389 -111.122 -1.37933 -77.9195 -0.822291 -40.0352 -0.119716 
-1153.83 -181.409 -2.17315 -166.646 -1.99852 -146.381 -1.71389 -117.925 -1.37933 -82.687 -0.822291 -42.4902 -0.119716 
-1220.51 -191.593 -2.17315 -176.238 -1.99852 -154.823 -1.71389 -124.728 -1.37933 -87.4544 -0.822291 -44.9453 -0.119716 
-1287.19 -201.777 -2.17315 -185.83 -1.99852 -163.266 -1.71389 -131.531 -1.37933 -92.2218 -0.822291 -47.4003 -0.119716 
-1353.87 -211.961 -2.17315 -195.422 -1.99852 -171.709 -1.71389 -138.333 -1.37933 -96.9893 -0.822291 -49.8554 -0.119716 
-1420.55 -222.145 -2.17315 -205.014 -1.99852 -180.152 -1.71389 -145.136 -1.37933 -101.757 -0.822291 -52.3104 -0.119716 
-1487.23 -232.328 -2.17315 -214.606 -1.99852 -188.594 -1.71389 -151.939 -1.37933 -106.524 -0.822291 -54.7655 -0.119716 
-1553.92 -242.512 -2.17315 -224.198 -1.99852 -197.037 -1.71389 -158.742 -1.37933 -111.292 -0.822291 -57.2206 -0.119716 
-1620.6 -252.696 -2.17315 -233.79 -1.99852 -205.48 -1.71389 -165.544 -1.37933 -116.059 -0.822291 -59.6756 -0.119716 
-1687.28 -262.88 -2.17315 -243.382 -1.99852 -213.922 -1.71389 -172.347 -1.37933 -120.826 -0.822291 -62.1307 -0.119716 
-1753.96 -273.064 -2.17315 -252.974 -1.99852 -222.365 -1.71389 -179.15 -1.37933 -125.594 -0.822291 -64.5857 -0.119716 
-1820.64 -283.248 -2.17315 -262.566 -1.99852 -230.808 -1.71389 -185.953 -1.37933 -130.361 -0.822291 -67.0408 -0.119716 
-1887.32 -293.432 -2.17315 -272.158 -1.99852 -239.251 -1.71389 -192.755 -1.37933 -135.129 -0.822291 -69.4959 -0.119716 
-1954 -303.616 -2.17315 -281.75 -1.99852 -247.693 -1.71389 -199.558 -1.37933 -139.896 -0.822291 -71.9509 -0.119716 
-2020.68 -313.799 -2.17315 -291.342 -1.99852 -256.136 -1.71389 -206.361 -1.37933 -144.664 -0.822291 -74.406 -0.119716 
-2087.37 -323.983 -2.17315 -300.934 -1.99852 -264.579 -1.71389 -213.164 -1.37933 -149.431 -0.822291 -76.861 -0.119716 
-2154.05 -334.167 -2.17315 -310.526 -1.99852 -273.021 -1.71389 -219.966 -1.37933 -154.199 -0.822291 -79.3161 -0.119716 
-2220.73 -344.351 -2.17315 -320.118 -1.99852 -281.464 -1.71389 -226.769 -1.37933 -158.966 -0.822291 -81.7711 -0.119716 
-2287.41 -354.535 -2.17315 -329.71 -1.99852 -289.907 -1.71389 -233.572 -1.37933 -163.733 -0.822291 -84.2262 -0.119716 
-2354.09 -364.719 -2.17315 -339.302 -1.99852 -298.35 -1.71389 -240.375 -1.37933 -168.501 -0.822291 -86.6813 -0.119716 
-2420.77 -374.903 -2.17315 -348.894 -1.99852 -306.792 -1.71389 -247.177 -1.37933 -173.268 -0.822291 -89.1363 -0.119716 
-2487.45 -385.086 -2.17315 -358.486 -1.99852 -315.235 -1.71389 -253.98 -1.37933 -178.036 -0.822291 -91.5914 -0.119716 
-2554.13 -395.27 -2.17315 -368.078 -1.99852 -323.678 -1.71389 -260.783 -1.37933 -182.803 -0.822291 -94.0464 -0.119716 
-2620.82 -405.454 -2.17315 -377.67 -1.99852 -332.12 -1.71389 -267.586 -1.37933 -187.571 -0.822291 -96.5015 -0.119716 
-2687.5 -415.638 -2.17315 -387.262 -1.99852 -340.563 -1.71389 -274.388 -1.37933 -192.338 -0.822291 -98.9565 -0.119716 
-2754.18 -425.822 -2.17315 -396.854 -1.99852 -349.006 -1.71389 -281.191 -1.37933 -197.105 -0.822291 -101.412 -0.119716 
-56.7776 -19.35 -0.38111 -7.86789 -6.08563 -6.18587 -2.05125 -6.06929 -3.13371 -3.71505 -1.02183 -2.05782 -0.619914 
-56.5383 -18.3439 -1.49285 -8.38965 -4.54656 -6.82857 -2.95418 -5.81489 -2.52125 -4.08075 -1.39456 -2.14137 -0.471723 
-79.8368 -16.2512 -1.55605 -12.379 -1.82659 -10.1738 -1.56015 -8.39831 -1.11963 -5.92826 -0.708957 -2.9506 -0.0710469 
-164.715 -30.3475 -2.17315 -24.3631 -1.99852 -21.1464 -1.71389 -17.0171 -1.37933 -11.9695 -0.822291 -6.07328 -0.119716 
-49.5942 -13.0452 -2.23206 -10.9424 -2.87813 -6.79134 -3.76367 -4.73095 -2.60387 -3.91453 -1.11865 -2.06908 -0.135713 
-42.2613 -10.8518 1.46806 -6.47697 -1.45245 -5.2038 -4.12544 -3.31202 -1.49906 -3.4825 -0.909793 -1.37744 -0.0191018 
-58.8433 -13.6981 -0.346595 -8.92844 -1.70553 -6.72852 -0.92386 -4.87678 -1.0666 -3.51806 -0.198244 -1.07236 0.221504 
-39.7107 -10.5253 3.20012 -5.8253 -3.42153 -4.83359 -2.15747 -2.51472 -2.37869 -2.24418 -0.26898 -1.25395 -0.368936 
-56.0477 -14.0153 -2.23304 -8.69334 -2.22635 -7.60771 -2.06797 -6.29758 -1.7453 -4.65343 -1.06203 -1.89899 -0.135756 
-50.4863 -14.9773 0.794133 -6.9834 -3.98918 -6.25442 -1.88054 -3.59007 -1.99507 -3.85937 -1.52959 -1.46695 0.144222 
-41.6315 -13.7656 -0.76851 -8.21658 -1.75741 -1.64305 -3.00258 -4.02343 -1.25021 -2.21673 -1.5385 -1.14505 -0.423807 
-49.4508 -15.696 -2.45204 -9.45225 -3.59367 -5.72089 -3.40285 -4.88252 -2.03439 -3.538 -0.959649 -1.71401 -0.735249 
-47.9917 -14.2757 -2.2454 -10.145 -2.65291 -3.40186 -1.02084 -2.69209 -1.11634 -3.32295 -0.0202842 -1.11482 -1.01848 
-42.6621 -15.3909 -0.483699 -7.15176 -2.00152 -2.89059 -1.96003 -3.36844 -2.24536 -1.04687 -2.51302 -0.650718 -0.115052 
-43.0073 -12.1287 0.354466 -7.1143 -2.60425 -3.56646 0.130639 -3.18235 -2.58675 -2.52033 -1.21092 -1.61509 -0.239836 
-43.0964 -14.1549 0.868157 -4.32711 -0.818791 -4.36762 -1.98421 -3.2114 -2.10304 -0.851657 -1.0546 -1.36896 -0.505812 
-49.5198 -14.8656 -1.27861 -9.3838 -3.31469 -4.5457 -2.22662 -4.23214 -1.67525 -2.97321 -0.548691 -1.13151 0.149186 
-51.8368 -14.8717 -3.84554 -11.0332 -3.84415 -8.07063 -4.26399 -5.4844 -1.93586 -5.14152 -1.98724 -1.81632 -1.08159 
-49.1427 -15.2401 -1.30324 -6.6559 -3.04134 -6.85962 -1.89455 -5.14133 -3.27753 -3.74357 -1.48717 -0.862535 -0.134534 
-48.2016 -11.9083 0.388267 -7.3057 -1.36316 -5.25502 -2.74258 -5.14768 -1.24313 -1.70695 -0.0273991 -2.35727 -0.402451 
-45.6946 -14.1857 -0.0892545 -7.93943 -2.45247 -3.52077 -2.37761 -3.94773 -2.45967 -2.80932 -0.242833 -0.627393 -0.898046 
-45.7614 -14.6854 -0.605294 -7.27307 -2.11666 -4.18253 -1.36064 -3.31913 -2.62467 -3.07855 -2.66236 -1.61907 -0.364459 
-44.6776 -18.2637 -3.75522 -8.70109 -3.0521 -6.61354 -4.5943 -3.76266 -4.51687 -2.52236 -2.26448 -0.840488 -0.683456 
-45.7693 -13.9116 -0.131927 -7.01468 -2.91536 -5.87407 -3.06779 -3.75151 -1.6165 -1.85074 -0.530091 -1.97407 -0.222992 
-41.7446 -14.9663 -2.56758 -11.1961 -4.02184 -6.36691 -5.15706 -2.1518 -3.40273 -3.09662 -2.4006 -0.706037 -0.246598 
-39.4804 -10.6798 -0.483252 -5.58999 -1.15488 -4.58525 -2.4183 -3.26837 -1.57858 -3.37393 0.525898 -1.82872 -0.188987 
-42.1342 -14.0926 -0.644999 -6.56284 -1.81527 -3.48412 -1.53723 -2.70838 -1.93121 -2.4521 -1.99967 -1.26203 0.218641 
-53.5238 -17.6488 -0.554357 -9.15856 -3.11223 -5.86857 -4.20549 -5.28294 -4.28903 -3.57518 -1.98068 -1.09852 0.0141775 
-46.9449 -16.5786 -1.72644 -7.16505 -2.28095 -5.64155 -4.78543 -4.96008 -2.33959 -3.01854 -1.44246 -0.858153 -0.883472 
-44.7717 -17.6818 -1.33823 -7.45431 -3.35504 -4.87068 -4.08417 -3.79483 -3.53069 -3.4463 -2.73939 -0.901964 -1.45286 
-41.6717 -14.5593 -1.15603 -10.5341 -2.24035 -3.42313 -4.44943 -2.35213 -3.11365 -1.04749 -1.21061 -1.35803 -0.173686 
-42.356 -15.7605 1.44444 -4.29198 -1.69252 -2.40099 -2.928 -3.96961 -3.66045 -2.90553 -0.193572 0.0260351 0.0232963 
-41.7759 -15.868 -3.29226 -9.16061 -3.26805 -3.62456 -3.14607 -4.87591 -2.74592 -2.27247 -2.04838 -0.567537 -0.883054 
-39.1131 -12.5229 1.39456 -6.35836 -2.69384 -4.23016 -3.40574 -3.04363 -2.92584 -2.24169 -1.15 -1.09593 0.219137 
-38.2833 -11.6031 1.46874 -6.3228 -4.25746 -3.71597 -1.38683 -4.56864 -2.73329 -1.72424 -1.40978 -1.11324 -0.0811746 
-45.3011 -17.8215 -1.31376 -6.58203 -2.45668 -4.31396 -4.79757 -3.21126 -1.88611 -2.44963 -0.521787 -1.49506 -0.605172 
-41.4458 -16.2979 -1.11188 -7.1139 -3.28494 -3.04598 -1.52293 -1.94617 -2.71145 -2.38445 -2.66063 -2.13697 0.724269 
-40.9841 -14.1248 0.717797 -9.47586 -2.93968 -0.295217 -1.40956 -3.04648 -3.54774 -2.12347 -2.37949 -1.32485 -1.13416 
-43.4982 -20.1797 -3.39544 -8.27193 -4.40196 -4.64849 -3.96271 -3.02158 -3.69488 -2.62834 -2.33102 -0.430774 -0.709792 
-41.6533 -17.2606 -1.98435 -5.8595 -3.02132 -5.00632 -0.975532 -1.92293 -3.79395 -2.00297 -2.07868 -0.755031 -0.573654 
-40.8963 -18.1094 0.276129 -5.81823 -3.56552 -1.84758 -1.9087 -2.78968 -3.33283 -1.69621 -3.78828 -1.87602 -0.188145 
-39.9735 -18.1948 -3.6132 -8.36147 -4.9636 -5.88387 -4.38421 -3.88674 -4.63423 -1.79626 -2.30425 -2.40277 -0.734233 
-34.4208 -11.035 -0.542094 -6.41121 -1.07492 -4.95902 -4.36765 -2.80096 -1.94164 -1.46615 -1.72621 -0.800492 -0.727756 
-40.072 -19.106 -2.23866 -7.56768 -5.6964 -4.74855 -4.05777 -2.68653 -2.10774 -1.29601 -3.28439 -0.931673 0.792486 
-38.3216 -15.3769 -1.8264 -5.60842 -1.89957 -4.37266 -2.73798 -3.89977 -3.30037 -1.08838 -2.2144 -0.64025 -0.222026 
-41.4993 -21.5 -6.91437 -10.7551 -7.67523 -8.57062 -6.822 -4.11863 -3.56827 -2.61501 -3.66852 -1.50899 -0.556155 
-37.4862 -14.8477 0.801037 -5.82048 -2.99069 -3.50657 -2.91285 -2.38186 -2.95701 -1.37384 -3.30177 -1.24703 0.501126 
-34.9617 -12.6393 0.789434 -4.16676 -1.93336 -3.64991 -3.48017 -3.66353 -2.64509 -1.65934 -0.969202 -1.36031 -0.792826 
-39.5382 -16.3819 -0.995128 -6.67589 -3.62805 -3.86489 -2.37106 -3.16494 -4.0731 -1.8972 -1.92432 -0.27842 -0.113256 
-36.9055 -16.0982 -1.58916 -6.37628 -3.15374 -1.9725 -2.2795 -2.65599 -1.95904 -2.11029 -2.94247 -1.38004 0.103713 
-38.4442 -13.457 -1.48688 -8.81701 -5.87717 -5.68839 -3.01441 -4.10374 -2.81257 -2.37944 -2.43882 -1.63807 0.706189 
-36.3703 -17.6658 -2.60985 -6.65968 -4.92316 -3.59803 -3.31647 -4.23481 -2.48068 -0.321054 -3.07395 -1.54887 0.0577434 
-37.673 -16.5265 -0.961734 -5.87119 -3.58511 -4.15432 -4.32964 -2.77177 -2.68267 -2.17722 -1.71396 -0.477948 0.318964 
-37.0741 -17.1871 -0.516432 -8.17323 -4.56381 -1.73851 -4.81276 -2.23606 -0.982237 -0.981054 -2.04516 -0.114371 -1.12491 
-33.9991 -15.207 -1.3665 -6.39555 -3.56883 -3.19581 -2.4766 -1.86696 -2.76401 -1.382 -2.19366 -0.595596 -0.338224 
-38.8243 -16.8065 -1.41124 -6.46159 -5.31268 -4.88226 -3.61366 -3.71279 -2.39577 -1.83364 -2.0001 -1.04376 -0.381569 
-33.4657 -15.7937 -2.9929 -8.05299 -5.66893 -3.76093 -4.24793 -3.33858 -2.95211 -2.3519 -1.76414 -1.78202 0.86095 
-34.1339 -14.8678 -3.17466 -8.74038 -5.63631 -4.1245 -4.04579 -3.05604 -2.04058 -3.04903 -2.17685 -1.36461 0.027275 
-37.5942 -16.7279 -1.93865 -6.04684 -3.0734 -2.81182 -2.72687 -4.80224 -3.28841 -0.776954 -2.73355 -0.550936 0.231549 
-35.144 -14.7237 0.118245 -5.44261 -4.05737 -3.65781 -2.39071 -0.540128 -1.74838 -2.45119 -1.3432 -0.492452 -0.181978 
-36.251 -15.7845 -2.29411 -7.79507 -3.3583 -1.8652 -2.94715 -2.75817 -2.48098 -2.51742 -2.50107 -1.5084 -0.199905 
-40.9265 -19.6477 -1.50643 -4.83826 -2.84103 -3.38369 -3.06659 -1.64789 -3.04662 -2.65185 -2.69311 -1.33971 -0.300653 
-38.3256 -14.9235 -1.35666 -9.29651 -4.57482 -5.03011 -5.26125 -3.21077 -4.2033 -3.01529 -1.89587 -1.687 -0.430987 
-36.1027 -13.3123 1.05501 -5.42396 -2.69984 -3.29466 -3.03581 -2.40065 -2.48071 -1.39252 -1.16283 -1.55952 -0.821136 
-33.9103 -13.2353 -0.752301 -6.30896 -3.23686 -4.69565 -3.14997 -2.38703 -3.60015 -1.43802 -1.21219 -1.19125 -0.448292 
-41.9006 -21.1586 -4.83299 -8.66554 -7.99269 -6.95096 -4.78053 -4.36799 -3.26205 -1.59728 -1.62646 -1.53728 -0.878382 
-36.0807 -15.2498 -1.95806 -7.669 -5.06184 -5.07164 -3.49147 -3.46774 -4.15697 -1.61394 -1.23939 -1.40668 -0.26107 
-40.4792 -16.5946 -2.7144 -10.1461 -6.30255 -4.67729 -4.82151 -4.07317 -3.57067 -3.794 -1.98165 -2.24215 -0.122072 
-36.8132 -13.6745 2.58388 -7.05746 -5.88009 -2.82525 -2.97697 -3.51749 -3.04713 -1.0822 -1.89227 -1.67587 -0.00504912 
-34.5322 -14.9007 -2.09723 -9.02189 -6.66151 -4.90113 -4.42785 -3.18194 -1.85295 -0.905038 -2.09705 -1.79702 0.742797 
-32.0243 -13.876 2.17911 -5.13 -4.72765 -1.7405 -2.63724 -3.0504 -4.26799 -1.19653 -0.937832 -1.33502 -0.735825 
-33.7445 -12.9544 -0.184819 -6.62032 -3.38777 -1.79816 -1.68713 -2.19138 -3.323 -2.5994 -0.634187 -1.1649 -0.356671 
-40.9928 -18.2687 -1.69514 -9.97313 -6.85196 -4.06123 -5.0646 -3.21611 -3.46553 -2.77314 -1.36104 -1.21132 -0.519058 
-36.2157 -16.1868 0.005565 -3.63659 -4.54937 -3.748 -4.15969 -5.07637 -3.33529 -2.09883 -0.23668 -1.51865 -0.296551 
-32.0647 -13.0427 0.284281 -4.04843 -1.67734 -5.00856 -5.22568 -2.35276 -2.42638 -1.35012 -1.75489 -0.596667 -0.262444 
-36.7358 -12.1396 3.23201 -5.43254 -3.65667 -3.52632 -4.08288 -3.32046 -1.93056 -1.21585 -1.12415 -1.37215 -0.904076 
-36.8507 -17.6056 -3.6523 -7.36546 -4.27701 -2.75742 -0.925904 -1.54118 -2.72241 -1.43578 -2.09709 -1.65105 0.199425 
-39.5272 -16.9792 -2.46747 -7.56001 -3.87634 -5.11619 -4.95675 -4.91582 -3.01568 -0.940642 -2.9726 -0.929653 0.124283 
-31.7477 -14.1116 -0.279167 -5.28148 -4.25276 -4.50673 -4.53472 -2.66207 -3.12521 -1.95633 -1.46783 -1.32139 -0.381006 
-32.3558 -15.4804 -2.12309 -6.90609 -5.05774 -5.18549 -5.49097 -2.96269 -3.0869 -2.44039 -2.19847 -1.05034 -0.676843 
-37.3822 -14.1578 -0.707216 -5.07689 -4.3749 -7.23776 -3.55375 -2.29239 -2.04934 -1.81418 -1.54506 -2.15443 -0.110158 
-38.0135 -16.9355 -1.69194 -6.49066 -5.09984 -5.8678 -3.40112 -2.69546 -3.15385 -1.96626 -3.21477 -0.976274 -0.0190814 
-37.7964 -15.7151 -1.33683 -6.24054 -3.43911 -3.83949 -4.50419 -4.22462 -3.26506 -2.12812 -1.49424 -2.22591 0.654714 
-35.9628 -14.2743 -2.04789 -7.8471 -4.54496 -4.40325 -3.11302 -2.71043 -2.57293 -2.03712 -1.63173 -1.5001 1.08065 
-42.3995 -16.21 -1.07066 -8.40733 -3.11606 -1.92436 -2.87605 -5.01083 -3.71121 -2.1534 -3.00648 -1.88257 0.123978 
-36.881 -15.3304 0.565766 -5.42001 -3.23003 -3.59086 -3.85029 -2.3346 -3.07337 -2.08755 -2.04238 -1.2668 0.333878 
-38.3548 -13.7225 0.565682 -5.73942 -2.98826 -3.88292 -3.33326 -3.15193 -2.6954 -2.94728 -1.00925 -0.381062 -0.641785 
-42.8177 -12.4991 -1.12938 -8.52367 -1.8328 -4.4825 -3.6432 -3.92264 -1.43573 -2.41513 -1.29109 -1.62336 -0.415698 
-39.655 -14.9345 -1.60545 -7.4453 -3.1507 -2.96883 -2.69148 -3.05199 -1.58498 -2.47579 -1.68138 -1.18752 -0.013481 
-44.1317 -18.1664 -4.44423 -8.2725 -3.33297 -7.71401 -4.87611 -4.29062 -4.16233 -1.56433 -1.82396 -1.50768 -0.473852 
-47.2256 -15.9792 -3.601 -7.41269 -2.67526 -5.01344 -0.481354 -3.24829 -1.3548 -3.20552 -0.779964 -1.41802 -0.151448 
-46.4531 -14.8148 -2.30889 -7.05522 -1.61954 -6.24887 -1.41016 -2.65688 -2.6665 -2.85677 -1.69439 -2.16197 0.169513 
-43.8776 -13.4916 0.576814 -8.33123 -2.76927 -4.31145 -2.20107 -2.42209 -2.95264 -1.65487 -0.520942 -1.18987 -0.421955 
-58.7532 -14.6017 -1.91516 -9.38487 -2.08214 -7.60538 -2.32079 -6.87718 -2.5756 -4.41221 -1.21721 -2.3647 0.0459154 
-87.9437 -18.9125 -2.47346 -13.7192 -2.46677 -11.5384 -2.04094 -9.55516 -1.62456 -6.78908 -0.997056 -3.22316 0.00800905 
-142.494 -26.9538 -2.17315 -21.1666 -1.99852 -18.3329 -1.71389 -14.7501 -1.37933 -10.3808 -0.822291 -5.25514 -0.119716 
-209.175 -37.1377 -2.17315 -30.7586 -1.99852 -26.7756 -1.71389 -21.5529 -1.37933 -15.1482 -0.822291 -7.7102 -0.119716 
-275.857 -47.3215 -2.17315 -40.3506 -1.99852 -35.2183 -1.71389 -28.3556 -1.37933 -19.9157 -0.822291 -10.1653 -0.119716 
-342.538 -57.5054 -2.17315 -49.9426 -1.99852 -43.661 -1.71389 -35.1584 -1.37933 -24.6831 -0.822291 -12.6203 -0.119716 
-409.219 -67.6893 -2.17315 -59.5347 -1.99852 -52.1037 -1.71389 -41.9611 -1.37933 -29.4505 -0.822291 -15.0754 -0.119716 
-475.9 -77.8731 -2.17315 -69.1267 -1.99852 -60.5464 -1.71389 -48.7639 -1.37933 -34.218 -0.822291 -17.5304 -0.119716 
-542.582 -88.057 -2.17315 -78.7187 -1.99852 -68.9891 -1.71389 -55.5666 -1.37933 -38.9854 -0.822291 -19.9855 -0.119716 
-609.263 -98.2408 -2.17315 -88.3107 -1.99852 -77.4318 -1.71389 -62.3694 -1.37933 -43.7528 -0.822291 -22.4405 -0.119716 
-675.944 -108.425 -2.17315 -97.9027 -1.99852 -85.8745 -1.71389 -69.1721 -1.37933 -48.5203 -0.822291 -24.8956 -0.119716 
-742.626 -118.609 -2.17315 -107.495 -1.99852 -94.3173 -1.71389 -75.9749 -1.37933 -53.2877 -0.822291 -27.3507 -0.119716 
-809.307 -128.792 -2.17315 -117.087 -1.99852 -102.76 -1.71389 -82.7776 -1.37933 -58.0551 -0.822291 -29.8057 -0.119716 
-875.988 -138.976 -2.17315 -126.679 -1.99852 -111.203 -1.71389 -89.5804 -1.37933 -62.8226 -0.822291 -32.2608 -0.119716 
-942.669 -149.16 -2.17315 -136.271 -1.99852 -119.645 -1.71389 -96.3831 -1.37933 -67.59 -0.822291 -34.7158 -0.119716 
-1009.35 -159.344 -2.17315 -145.863 -1.99852 -128.088 -1.71389 -103.186 -1.37933 -72.3575 -0.822291 -37.1709 -0.119716 
-1076.03 -169.528 -2.17315 -155.455 -1.99852 -136.531 -1.71389 -109.989 -1.37933 -77.1249 -0.822291 -39.626 -0.119716 
-1142.71 -179.712 -2.17315 -165.047 -1.99852 -144.974 -1.71389 -116.791 -1.37933 -81.8923 -0.822291 -42.081 -0.119716 
-1209.39 -189.896 -2.17315 -174.639 -1.99852 -153.416 -1.71389 -123.594 -1.37933 -86.6598 -0.822291 -44.5361 -0.119716 
-1276.08 -200.079 -2.17315 -184.231 -1.99852 -161.859 -1.71389 -130.397 -1.37933 -91.4272 -0.822291 -46.9911 -0.119716 
-1342.76 -210.263 -2.17315 -193.823 -1.99852 -170.302 -1.71389 -137.2 -1.37933 -96.1946 -0.822291 -49.4462 -0.119716 
-1409.44 -220.447 -2.17315 -203.415 -1.99852 -178.744 -1.71389 -144.002 -1.37933 -100.962 -0.822291 -51.9012 -0.119716 
-1476.12 -230.631 -2.17315 -213.007 -1.99852 -187.187 -1.71389 -150.805 -1.37933 -105.73 -0.822291 -54.3563 -0.119716 
-1542.8 -240.815 -2.17315 -222.599 -1.99852 -195.63 -1.71389 -157.608 -1.37933 -110.497 -0.822291 -56.8114 -0.119716 
-1609.48 -250.999 -2.17315 -232.191 -1.99852 -204.072 -1.71389 -164.411 -1.37933 -115.264 -0.822291 -59.2664 -0.119716 
-1676.16 -261.183 -2.17315 -241.783 -1.99852 -212.515 -1.71389 -171.213 -1.37933 -120.032 -0.822291 -61.7215 -0.119716 
-1742.84 -271.366 -2.17315 -251.375 -1.99852 -220.958 -1.71389 -178.016 -1.37933 -124.799 -0.822291 -64.1765 -0.119716 
-1809.53 -281.55 -2.17315 -260.967 -1.99852 -229.401 -1.71389 -184.819 -1.37933 -129.567 -0.822291 -66.6316 -0.119716 
-1876.21 -291.734 -2.17315 -270.559 -1.99852 -237.843 -1.71389 -191.622 -1.37933 -134.334 -0.822291 -69.0866 -0.119716 
-1942.89 -301.918 -2.17315 -280.151 -1.99852 -246.286 -1.71389 -198.424 -1.37933 -139.102 -0.822291 -71.5417 -0.119716 
-2009.57 -312.102 -2.17315 -289.743 -1.99852 -254.729 -1.71389 -205.227 -1.37933 -143.869 -0.822291 -73.9968 -0.119716 
-2076.25 -322.286 -2.17315 -299.335 -1.99852 -263.171 -1.71389 -212.03 -1.37933 -148.636 -0.822291 -76.4518 -0.119716 
-2142.93 -332.47 -2.17315 -308.927 -1.99852 -271.614 -1.71389 -218.833 -1.37933 -153.404 -0.822291 -78.9069 -0.119716 
-2209.61 -342.654 -2.17315 -318.519 -1.99852 -280.057 -1.71389 -225.635 -1.37933 -158.171 -0.822291 -81.3619 -0.119716 
-72.3184 -15.6658 -1.86314 -10.3732 -1.95559 -9.73855 -1.31763 -7.66419 -1.06476 -5.48974 -0.694283 -2.69344 -0.0527783 
-31.6643 -14.3751 -2.91421 -5.81685 -6.18627 -6.57909 -4.84924 -4.32253 -2.12675 -2.72684 -2.38562 -2.08218 0.56066 
-23.7942 -8.28753 1.6874 -3.20559 -3.07482 -4.18827 -3.97928 -2.63861 -1.18465 -1.28482 -1.74836 -0.84559 0.268683 
-22.8467 -5.9663 2.45885 -4.05476 -1.50524 -0.642337 -1.25524 -1.72367 -1.45055 -1.51194 -0.574317 -1.10742 -0.144166 
-20.0255 -3.17442 5.59709 -2.44668 -0.520092 -1.29757 -2.33376 -1.76836 -1.56175 -0.0361512 -0.569071 -0.713627 0.0630413 
-21.484 -10.0376 0.494747 -2.0262 -2.63535 -1.8069 -2.06043 -3.34414 -2.36109 -0.632279 -1.31994 -0.252663 0.238947 
-24.5883 -7.1387 1.93393 -1.97965 -2.57329 -2.81345 -1.32883 -3.90278 -2.13253 -1.96061 -0.293789 -0.866519 0.378096 
-25.377 -7.98733 -0.487142 -4.06729 -2.43671 -4.71346 -3.06948 -3.58316 -0.462579 -1.00406 -2.05931 -0.516424 0.267223 
-18.3727 -2.87602 2.53864 -3.33854 0.491037 1.00637 -1.53209 -2.785 -0.870805 -1.98839 -0.159885 -0.0213797 0.501707 
-20.7259 -0.665809 5.93629 -2.99174 0.782625 1.32132 -1.29283 -3.40606 -0.52525 -0.667985 -0.101823 -0.459675 1.31423 
-14.6531 1.32155 4.71112 -1.54303 -1.24895 -0.344739 0.695199 -1.70651 0.761257 -1.75461 0.99639 -0.894184 -0.195141 
-9.54756 6.08974 5.40069 1.33134 0.443292 -1.62923 1.1585 -3.11355 0.778515 -1.53736 1.64907 -1.1301 1.18731 
-12.6103 6.01065 5.43835 0.195908 2.52177 -0.978486 0.300379 -3.44945 0.335633 -1.82267 2.02435 0.494813 -0.105478 
-12.5599 4.11115 5.47532 1.09596 2.71682 -3.1656 -1.40951 -2.72001 -0.0169489 -0.119469 0.844823 0.0397864 -0.214467 
-6.23844 6.49402 5.75008 0.747988 0.51914 -1.6054 0.181841 -2.07686 0.645023 -0.938697 1.70026 -0.0316823 -0.208104 
-9.92144 2.03186 0.281711 -3.60427 -1.22461 -2.59739 -0.316434 -1.49637 0.650362 -2.23832 0.555872 0.0144417 -0.645516 
-10.9216 5.57942 4.27277 -2.13987 0.504004 -0.915134 1.43895 -1.84823 0.817322 -0.765685 1.18818 -0.511773 -0.132148 
-7.79587 4.5713 6.46052 0.526618 -1.25487 -0.489605 1.33805 -1.94676 0.833014 -0.558699 0.972317 0.0820975 0.109779 
-14.7256 4.00281 1.5413 -6.56466 0.414674 -1.90711 0.134674 -1.54488 -0.586898 -1.0652 0.69358 -0.59341 0.749303 
-11.467 5.67083 4.80257 -3.56291 -0.469439 0.368601 1.87073 -2.96785 -0.302112 -0.650985 1.2134 -0.632922 0.0553116 
-5.64353 8.84342 3.80677 -1.81526 0.115929 -2.84678 1.53616 -0.603224 1.56223 -1.62454 1.07347 -0.568179 0.438697 
-7.79633 6.1064 4.0029 -1.59595 -1.89336 -1.53951 2.1276 -2.72824 0.972986 -1.11295 0.851483 -0.572853 0.664224 
-10.9819 5.17391 2.4404 -3.40962 -0.0437864 0.128818 3.85002 -3.17225 -0.256744 -0.913113 0.00219431 -0.0790296 -0.573856 
-7.19415 5.7774 1.80309 -1.38152 -2.50572 -3.53449 1.55937 -3.45413 1.78658 -1.19735 1.01117 -0.987732 -0.20089 
-4.2168 7.40989 5.04909 1.0349 -2.21171 -1.46197 3.33239 -4.13921 0.882104 -0.346942 1.20906 0.0333859 -0.310859 
-11.6288 3.37881 0.419275 -5.04097 -3.28527 -2.69587 1.98476 -4.68721 0.193236 -0.374955 -0.610742 -0.501396 -0.355544 
-13.0836 5.17436 2.39272 -3.35021 -3.08407 -2.30238 2.81867 -5.64488 0.793467 -0.492932 1.07901 -0.579225 0.0384522 
-1.01331 6.92764 2.96778 0.118469 -3.05592 -1.4556 3.15212 -3.53177 0.734664 -1.27307 1.51553 0.19918 -0.656562 
-9.01628 5.36521 1.26901 -5.3866 -5.16134 -2.31344 2.45601 -4.46671 -0.0889665 -1.62848 1.25832 -1.32339 -0.313199 
-10.3654 3.72755 0.751164 -4.24919 -3.99805 -1.83155 2.06742 -4.81395 0.583924 -1.41476 1.02333 -0.747886 -0.475438 
-4.59222 7.45993 4.19985 0.018975 -2.54718 -3.50029 3.31951 -1.98602 0.697055 -1.0153 0.727137 -0.287172 0.168152 
-7.51913 7.30722 3.074 -3.14167 -2.61152 -2.3425 3.43915 -2.65303 0.136102 -0.861571 1.87007 -0.405388 -0.792371 
-13.3735 4.9044 0.847647 -5.19081 -0.935105 -3.24787 1.13397 -3.57174 0.1377 -0.510832 1.35308 -0.213616 -0.247903 
-9.74262 3.37638 3.5271 -1.54351 -3.29162 -2.96409 2.65323 -1.32047 1.29624 0.349549 1.28306 0.278734 0.0552699 
-5.61266 6.71706 4.18654 -1.03412 -2.75831 -2.44352 3.53145 -2.06539 -0.841861 -0.837988 2.15023 -0.915216 -0.262529 
-11.6528 3.10659 0.501397 -4.56946 -5.28444 -4.03358 2.72009 -4.22612 -0.911589 -1.41712 1.0329 -1.0784 -0.771278 
-14.8176 6.01669 4.47087 -2.22441 -1.4282 -3.76729 1.6318 -3.03896 1.71924 -1.15144 0.697972 -0.55704 -0.0345864 
-5.05215 8.58908 3.68464 -0.455584 -2.16952 -4.32435 4.03131 -1.985 0.255615 -1.15164 0.627679 -0.577876 0.299276 
-12.8785 5.12551 0.86571 -5.7691 -3.36316 -3.48174 3.69667 -2.76712 0.351101 -0.803569 0.841714 -0.023611 -0.612167 
-14.0951 4.71584 3.97514 -3.52027 -2.63605 -2.39216 2.70887 -4.26204 -0.103578 0.211903 0.438256 -0.396032 -0.0289886 
-4.22823 6.99507 3.18626 -1.98543 -3.48329 -2.07468 3.24463 -2.79569 0.550138 -0.723519 0.826674 -0.808478 0.556432 
-9.04837 5.13519 4.54133 -0.65031 -4.68723 -2.63844 4.35548 -3.24828 -0.427631 -1.19753 2.10858 -0.767128 -0.626937 
-16.8967 0.833827 2.21001 -2.74935 -2.85204 -2.78758 2.88486 -3.59467 -1.20917 -0.722177 1.45002 -0.135519 0.434949 
-10.2728 5.76736 2.54122 -3.52335 -2.21994 -2.39242 2.29817 -2.27762 1.4354 -0.744078 1.32338 -0.673442 0.617928 
-7.91673 7.02685 5.10019 -0.139688 -4.34774 -1.76892 5.70905 -4.6709 -0.585414 -0.910199 1.87824 -0.509011 -0.0300791 
-19.0333 -2.10183 -0.513669 -4.62448 -4.99221 -3.50207 2.89798 -3.49777 -0.369308 -1.08499 0.824945 -0.625767 -0.681536 
-14.7939 3.50759 3.33706 -2.68149 -2.08622 -3.5824 2.3398 -2.78415 0.4788 -0.249278 0.493027 0.354222 -0.372281 
-5.45575 7.63282 4.72272 -1.45522 -4.40077 -2.76107 5.62431 -2.95759 -0.970922 -0.210572 0.98387 0.016398 -0.65625 
-14.5437 2.70474 2.21697 -4.14193 -4.01967 -2.61642 3.16251 -3.33475 -0.560261 -1.36955 1.04172 -0.657506 -0.712988 
-17.22 5.22777 3.3371 -2.84006 -1.66936 -4.73983 2.95798 -2.72075 0.450941 -1.46145 0.862926 -0.954293 -0.0551258 
-7.28168 7.02417 3.99086 -0.738379 -4.00673 -3.57319 5.0046 -2.93049 0.553491 -0.804976 0.678923 -0.254675 -0.197931 
-13.7638 5.13312 4.3723 -2.25869 -4.05499 -3.29347 4.10002 -4.33557 -0.843509 -1.4703 1.25624 -0.115326 -1.00095 
-20.3868 1.18137 3.26149 -2.08956 -3.44576 -3.71442 3.54886 -3.29898 -0.464178 -1.59655 1.46034 -1.4388 0.459679 
-12.7446 5.19054 4.43327 -0.918849 -3.99219 -5.03768 3.86305 -1.54798 0.994318 -1.46575 1.17021 -0.642284 0.146492 
-10.4578 5.35171 2.91343 -0.144517 -2.28222 -4.25182 3.74939 -4.49682 -0.211241 -0.712313 0.312138 0.0604554 0.0304967 
-18.5962 0.872333 1.1676 -2.38863 -1.58163 -3.92408 2.56077 -3.60765 0.270816 -0.346926 0.0746636 -1.29588 0.0601541 
-18.8984 2.91351 3.73733 -2.76898 -2.40437 -5.86274 3.57326 -1.04698 0.0192327 -0.0279049 0.00906038 -0.0452599 0.173161 
-12.3723 6.53694 6.17774 -0.509842 -3.5452 -3.00753 4.53433 -3.88651 0.429294 -0.679957 0.12713 -0.842881 0.718377 
-20.4179 1.16772 3.04311 -3.08357 -4.05747 -5.43922 1.54099 -3.9304 -0.330326 -1.99109 0.197657 -0.743104 -0.819166 
-19.9604 2.5929 4.50377 -3.85431 -3.20573 -3.37341 2.03478 -2.50822 0.815588 -1.47528 0.22617 -0.786868 0.298762 
-13.7378 5.08214 5.74047 0.691241 -3.04256 -5.28652 3.58553 -1.95231 0.834428 -1.3103 0.0199051 -0.584483 1.00973 
-18.0576 2.54615 4.62203 -1.39483 -3.62329 -4.48016 2.25275 -3.92386 -0.0301529 -1.64443 0.221375 -0.730092 -0.0236625 
-25.1577 -0.479582 6.36555 0.545537 -1.46171 -4.25895 1.9593 -2.63641 0.577752 -0.895539 -0.52075 -1.52362 0.683063 
-25.8041 0.324807 2.46321 -5.02028 -3.03004 -6.53918 -0.193251 -4.90522 -1.26128 -1.95923 -0.781413 -1.37714 0.709358 
-15.9229 4.52889 5.03813 -1.93366 -2.3852 -4.16534 3.10936 -2.44495 -0.286334 -0.810321 -0.239184 -1.02008 0.992471 
-24.6378 -1.38987 1.99391 -4.3684 -4.10155 -5.97272 -0.209163 -3.87866 -0.480199 -2.62428 -0.386789 -1.43622 0.549152 
-24.2848 2.63713 8.58725 0.142043 -0.977652 -5.85809 0.0830074 -1.86829 0.82704 -1.50401 -0.337002 -0.776981 0.528735 
-23.7937 3.23039 5.63853 -3.50448 -4.41083 -7.13164 1.40619 -4.19999 -0.448105 -1.71608 -0.646291 -1.06647 -0.149327 
-24.8765 2.32002 8.14937 -1.99443 -2.11343 -4.193 0.538261 -2.12219 0.645319 -1.41006 0.48622 -1.54941 0.0769797 
-26.8318 0.300907 4.00687 -2.87257 -2.17683 -5.29223 1.1256 -3.30644 0.451283 -2.31928 -0.0950167 -1.09338 0.938148 
-23.273 -0.985168 2.8662 -0.558402 0.118587 -4.65097 0.637046 -2.06162 1.09284 -2.04532 -1.01526 -1.42704 0.199778 
-25.5605 0.638426 5.96997 0.237351 -0.773131 -5.33839 0.906706 -3.29824 0.746607 -1.04486 0.351705 -0.774192 0.374397 
-28.7176 -1.29128 5.05377 -1.14476 -0.240417 -2.87112 1.25607 -4.11115 -1.164 -3.02274 0.725474 -0.5086 1.33412 
-26.2057 -1.08137 3.4757 -3.4695 -1.05897 -3.51469 -0.462874 -3.11639 -0.492479 -2.94096 1.40911 -0.825192 -0.401818 
-29.6545 -4.88613 0.097116 -3.67073 -1.48084 -6.75292 -1.4459 -2.99164 -0.256371 -2.50042 -0.39636 -1.56957 0.422394 
-23.8227 1.20993 5.02805 -2.22811 0.136408 -4.77733 -0.143896 -2.93386 0.0866239 -0.60747 -0.38266 -0.416794 -0.3206 
-28.5367 -1.73437 3.72376 -3.58365 -1.37273 -4.82172 0.739934 -3.0327 -1.17494 -1.8995 0.167322 0.0357088 -0.0282966 
-28.2178 -1.18054 2.99876 -2.20734 2.54161 -5.02282 -0.591786 -1.98538 -1.22912 -1.64001 0.191392 -2.01963 0.734805 
-29.877 -3.07591 -0.589562 -6.0964 0.873548 -6.07204 -1.74843 -2.67673 -0.845288 -2.02938 -0.405047 -0.91075 -0.140867 
-28.417 -1.67318 1.90677 -3.7782 0.0870875 -4.37931 0.491475 -2.62554 -1.04709 -2.94309 0.874321 -1.04297 0.338605 
-26.9554 -4.8932 2.10716 -2.60199 -1.63341 -3.31768 -0.782604 -4.25669 -1.66009 -1.89703 1.14646 -1.17427 -0.048013 
-28.7293 -2.80105 0.471251 -5.79542 0.749478 -2.90527 -0.307723 -2.45095 -0.0478868 -2.96985 -0.84196 -0.890222 -0.0774761 
-28.5237 -0.653928 1.72992 -4.38938 -0.887106 -4.65602 0.298214 -5.31128 0.923217 -1.06256 -0.925095 -1.2874 0.323607 
-58.3424 -6.815 0.912833 -8.82568 -0.965639 -9.26154 -0.736476 -6.94508 0.744971 -4.3789 -1.37335 -2.04941 -0.128301 
-121.312 -23.7188 -2.17315 -18.1197 -1.99852 -15.651 -1.71389 -12.5892 -1.37933 -8.86638 -0.822291 -4.47528 -0.119716 
-187.994 -33.9027 -2.17315 -27.7117 -1.99852 -24.0937 -1.71389 -19.3919 -1.37933 -13.6338 -0.822291 -6.93034 -0.119716 
-254.675 -44.0866 -2.17315 -37.3037 -1.99852 -32.5364 -1.71389 -26.1947 -1.37933 -18.4012 -0.822291 -9.38539 -0.119716 
-321.356 -54.2704 -2.17315 -46.8957 -1.99852 -40.9791 -1.71389 -32.9974 -1.37933 -23.1687 -0.822291 -11.8405 -0.119716 
-388.037 -64.4543 -2.17315 -56.4877 -1.99852 -49.4218 -1.71389 -39.8002 -1.37933 -27.9361 -0.822291 -14.2955 -0.119716 
-454.719 -74.6382 -2.17315 -66.0797 -1.99852 -57.8645 -1.71389 -46.6029 -1.37933 -32.7036 -0.822291 -16.7506 -0.119716 
-521.4 -84.822 -2.17315 -75.6717 -1.99852 -66.3072 -1.71389 -53.4057 -1.37933 -37.471 -0.822291 -19.2056 -0.119716 
-588.081 -95.0059 -2.17315 -85.2637 -1.99852 -74.75 -1.71389 -60.2084 -1.37933 -42.2384 -0.822291 -21.6607 -0.119716 
-654.763 -105.19 -2.17315 -94.8558 -1.99852 -83.1927 -1.71389 -67.0112 -1.37933 -47.0059 -0.822291 -24.1157 -0.119716 
-721.444 -115.374 -2.17315 -104.448 -1.99852 -91.6354 -1.71389 -73.8139 -1.37933 -51.7733 -0.822291 -26.5708 -0.119716 
-788.125 -125.557 -2.17315 -114.04 -1.99852 -100.078 -1.71389 -80.6167 -1.37933 -56.5407 -0.822291 -29.0259 -0.119716 
-854.806 -135.741 -2.17315 -123.632 -1.99852 -108.521 -1.71389 -87.4194 -1.37933 -61.3082 -0.822291 -31.4809 -0.119716 
-921.488 -145.925 -2.17315 -133.224 -1.99852 -116.964 -1.71389 -94.2222 -1.37933 -66.0756 -0.822291 -33.936 -0.119716 
-988.169 -156.109 -2.17315 -142.816 -1.99852 -125.406 -1.71389 -101.025 -1.37933 -70.843 -0.822291 -36.391 -0.119716 
-1054.85 -166.293 -2.17315 -152.408 -1.99852 -133.849 -1.71389 -107.828 -1.37933 -75.6105 -0.822291 -38.8461 -0.119716 
-1121.53 -176.477 -2.17315 -162 -1.99852 -142.292 -1.71389 -114.63 -1.37933 -80.3779 -0.822291 -41.3011 -0.119716 
-1188.21 -186.661 -2.17315 -171.592 -1.99852 -150.734 -1.71389 -121.433 -1.37933 -85.1454 -0.822291 -43.7562 -0.119716 
-1254.89 -196.844 -2.17315 -181.184 -1.99852 -159.177 -1.71389 -128.236 -1.37933 -89.9128 -0.822291 -46.2113 -0.119716 
-1321.58 -207.028 -2.17315 -190.776 -1.99852 -167.62 -1.71389 -135.039 -1.37933 -94.6802 -0.822291 -48.6663 -0.119716 
-1388.26 -217.212 -2.17315 -200.368 -1.99852 -176.062 -1.71389 -141.841 -1.37933 -99.4477 -0.822291 -51.1214 -0.119716 
-1454.94 -227.396 -2.17315 -209.96 -1.99852 -184.505 -1.71389 -148.644 -1.37933 -104.215 -0.822291 -53.5764 -0.119716 
-1521.62 -237.58 -2.17315 -219.552 -1.99852 -192.948 -1.71389 -155.447 -1.37933 -108.983 -0.822291 -56.0315 -0.119716 
-1588.3 -247.764 -2.17315 -229.144 -1.99852 -201.391 -1.71389 -162.25 -1.37933 -113.75 -0.822291 -58.4865 -0.119716 
-1654.98 -257.948 -2.17315 -238.736 -1.99852 -209.833 -1.71389 -169.052 -1.37933 -118.517 -0.822291 -60.9416 -0.119716 
-1721.66 -268.132 -2.17315 -248.328 -1.99852 -218.276 -1.71389 -175.855 -1.37933 -123.285 -0.822291 -63.3967 -0.119716 
-1788.34 -278.315 -2.17315 -257.92 -1.99852 -226.719 -1.71389 -182.658 -1.37933 -128.052 -0.822291 -65.8517 -0.119716 
-1855.03 -288.499 -2.17315 -267.512 -1.99852 -235.161 -1.71389 -189.461 -1.37933 -132.82 -0.822291 -68.3068 -0.119716 
-1921.71 -298.683 -2.17315 -277.104 -1.99852 -243.604 -1.71389 -196.263 -1.37933 -137.587 -0.822291 -70.7618 -0.119716 
-1988.39 -308.867 -2.17315 -286.696 -1.99852 -252.047 -1.71389 -203.066 -1.37933 -142.355 -0.822291 -73.2169 -0.119716 
-2055.07 -319.051 -2.17315 -296.288 -1.99852 -260.49 -1.71389 -209.869 -1.37933 -147.122 -0.822291 -75.672 -0.119716 
-2121.75 -329.235 -2.17315 -305.88 -1.99852 -268.932 -1.71389 -216.672 -1.37933 -151.889 -0.822291 -78.127 -0.119716 
-2188.43 -339.419 -2.17315 -315.472 -1.99852 -277.375 -1.71389 -223.474 -1.37933 -156.657 -0.822291 -80.5821 -0.119716 
-2255.11 -349.602 -2.17315 -325.064 -1.99852 -285.818 -1.71389 -230.277 -1.37933 -161.424 -0.822291 -83.0371 -0.119716 
-2321.79 -359.786 -2.17315 -334.656 -1.99852 -294.26 -1.71389 -237.08 -1.37933 -166.192 -0.822291 -85.4922 -0.119716 
-2388.48 -369.97 -2.17315 -344.248 -1.99852 -302.703 -1.71389 -243.883 -1.37933 -170.959 -0.822291 -87.9472 -0.119716 
-2455.16 -380.154 -2.17315 -353.84 -1.99852 -311.146 -1.71389 -250.685 -1.37933 -175.727 -0.822291 -90.4023 -0.119716 
-2521.84 -390.338 -2.17315 -363.432 -1.99852 -319.589 -1.71389 -257.488 -1.37933 -180.494 -0.822291 -92.8574 -0.119716 
-2588.52 -400.522 -2.17315 -373.024 -1.99852 -328.031 -1.71389 -264.291 -1.37933 -185.262 -0.822291 -95.3124 -0.119716 
-2655.2 -410.706 -2.17315 -382.616 -1.99852 -336.474 -1.71389 -271.094 -1.37933 -190.029 -0.822291 -97.7675 -0.119716 
-2721.88 -420.889 -2.17315 -392.208 -1.99852 -344.917 -1.71389 -277.896 -1.37933 -194.796 -0.822291 -100.223 -0.119716 
-2788.56 -431.073 -2.17315 -401.8 -1.99852 -353.359 -1.71389 -284.699 -1.37933 -199.564 -0.822291 -102.678 -0.119716 
-2855.24 -441.257 -2.17315 -411.392 -1.99852 -361.802 -1.71389 -291.502 -1.37933 -204.331 -0.822291 -105.133 -0.119716 
-65.629 -17.7683 -4.12168 -10.2227 -3.03002 -8.93125 -2.13106 -7.29151 -1.61474 -5.16682 -1.06093 -2.64439 -0.23789 
-43.0077 -15.6684 -5.29496 -7.6338 -3.68614 -6.29346 -2.4067 -5.26888 -2.15099 -3.46429 -1.26555 -1.80465 -0.216732 
-72.0013 -20.209 -5.34269 -11.678 -3.69573 -10.1765 -2.72208 -8.24365 -2.22132 -5.8598 -1.27218 -2.92257 -0.282805 
-132.584 -25.4404 -2.17315 -19.7411 -1.99852 -17.0782 -1.71389 -13.7391 -1.37933 -9.67228 -0.822291 -4.89029 -0.119716 
-199.266 -35.6242 -2.17315 -29.3331 -1.99852 -25.5209 -1.71389 -20.5419 -1.37933 -14.4397 -0.822291 -7.34535 -0.119716 
-265.947 -45.8081 -2.17315 -38.9251 -1.99852 -33.9636 -1.71389 -27.3446 -1.37933 -19.2072 -0.822291 -9.80041 -0.119716 
-332.628 -55.9919 -2.17315 -48.5172 -1.99852 -42.4063 -1.71389 -34.1474 -1.37933 -23.9746 -0.822291 -12.2555 -0.119716 
-399.309 -66.1758 -2.17315 -58.1092 -1.99852 -50.849 -1.71389 -40.9501 -1.37933 -28.742 -0.822291 -14.7105 -0.119716 
-78.3077 -17.2151 -2.21153 -12.0305 -2.01128 -9.98723 -1.3332 -7.89379 -1.46452 -5.82434 -0.687051 -2.86963 -0.249527 
-42.3582 -10.8447 0.199228 -5.59338 -0.986876 -4.75513 -2.83901 -5.25589 -0.910665 -2.46177 -0.954938 -1.17888 0.166584 
-28.5939 -13.9817 -4.49515 -4.52506 -2.20237 -2.93973 -1.60095 -2.27238 -1.71164 -1.86747 -0.929405 -0.810525 0.107779 
-38.9184 -11.3455 -0.975595 -5.04207 -0.0543427 -4.4789 -1.64491 -1.6039 -1.04758 -2.78994 -0.867909 -2.26389 0.194788 
-25.8759 -9.06205 -3.10051 -4.28597 -1.2729 -3.77507 -1.46566 -3.25932 -0.932782 -1.06435 -0.891618 -0.724768 0.654747 
-11.1023 -3.07429 -0.689884 -1.38538 -1.01577 -2.02499 -0.140102 -3.02841 -1.36723 -0.561442 -1.05686 -0.0976643 0.584527 
-20.6665 -0.226965 3.36351 -3.33097 0.878484 -1.88448 -0.393649 -1.77411 0.100374 -1.65242 -0.938314 -0.287462 -0.364141 
-24.1493 -5.76665 -1.11783 -2.49168 -1.11943 -3.3336 -0.471471 -4.49883 -1.05255 -2.94827 -0.54735 -0.417943 0.371737 
-25.7322 -8.74327 -0.489696 -1.35644 -1.71261 -4.6209 -1.31645 -3.3026 -1.19939 -0.542909 -0.343727 -2.18403 -0.573357 
-28.4295 -9.74232 -0.662147 0.798868 0.753962 -3.80982 -2.0318 -5.92478 -1.11722 -0.865877 -0.529458 -0.459106 0.268867 
-31.8069 -10.595 -2.99282 -7.56914 -4.89009 -3.95954 -2.26862 -5.47543 -0.489982 -1.72498 -1.45385 -1.34135 0.19913 
-44.7593 -12.4719 -2.20262 -5.89461 0.027711 -2.88423 1.25507 -4.74135 -1.27561 -2.51055 -2.47026 -2.30306 0.221492 
-34.5504 -9.31731 -2.36671 -4.96295 -1.66156 -5.53825 -1.22417 -4.24689 -1.23391 -2.94266 -0.785827 -1.29903 -0.0170012 
-65.9246 -14.2865 -2.26769 -9.45356 -1.98804 -9.81736 -1.53705 -7.46982 -0.583528 -4.15156 -0.23376 -2.58158 -0.932135 
-41.5103 -11.8954 -3.4051 -8.17153 -1.7214 -5.75864 -2.30901 -3.98176 -1.64488 -2.8657 -0.632086 -1.2023 0.199546 
-30.852 -8.43786 -2.54021 -5.49331 -0.51489 -2.79237 -0.0930967 -2.75641 -2.25434 -3.73528 0.00174195 -1.73431 -0.759257 
-42.5774 -9.80587 -3.39114 -8.63478 -1.84336 -6.42167 -2.16613 -5.01197 -0.979814 -3.57019 -0.562566 -2.08473 0.136193 
-46.1424 -11.9248 -1.92074 -7.01136 -1.58682 -5.81891 -1.5448 -5.07771 -1.61315 -3.64626 -0.285686 -1.30414 -0.33998 
-67.7787 -16.1871 -2.82409 -11.1841 -2.57532 -9.0467 -1.7661 -6.34079 -0.383687 -4.22223 -1.14833 -2.74754 0.521044 
-92.2634 -19.2824 -2.17315 -13.941 -1.99852 -11.973 -1.71389 -9.62564 -1.37933 -6.7895 -0.822291 -3.40576 -0.119716 
-158.945 -29.4662 -2.17315 -23.533 -1.99852 -20.4157 -1.71389 -16.4284 -1.37933 -11.5569 -0.822291 -5.86082 -0.119716 
-225.626 -39.6501 -2.17315 -33.125 -1.99852 -28.8584 -1.71389 -23.2311 -1.37933 -16.3244 -0.822291 -8.31588 -0.119716 
-292.307 -49.834 -2.17315 -42.717 -1.99852 -37.3011 -1.71389 -30.0339 -1.37933 -21.0918 -0.822291 -10.7709 -0.119716 
-358.988 -60.0178 -2.17315 -52.3091 -1.99852 -45.7439 -1.71389 -36.8366 -1.37933 -25.8592 -0.822291 -13.226 -0.119716 
-425.67 -70.2017 -2.17315 -61.9011 -1.99852 -54.1866 -1.71389 -43.6394 -1.37933 -30.6267 -0.822291 -15.6811 -0.119716 
-492.351 -80.3855 -2.17315 -71.4931 -1.99852 -62.6293 -1.71389 -50.4421 -1.37933 -35.3941 -0.822291 -18.1361 -0.119716 
-559.032 -90.5694 -2.17315 -81.0851 -1.99852 -71.072 -1.71389 -57.2449 -1.37933 -40.1616 -0.822291 -20.5912 -0.119716 
-625.714 -100.753 -2.17315 -90.6771 -1.99852 -79.5147 -1.71389 -64.0476 -1.37933 -44.929 -0.822291 -23.0462 -0.119716 
-692.395 -110.937 -2.17315 -100.269 -1.99852 -87.9574 -1.71389 -70.8504 -1.37933 -49.6964 -0.822291 -25.5013 -0.119716 
-759.076 -121.121 -2.17315 -109.861 -1.99852 -96.4001 -1.71389 -77.6531 -1.37933 -54.4639 -0.822291 -27.9563 -0.119716 
-825.757 -131.305 -2.17315 -119.453 -1.99852 -104.843 -1.71389 -84.4559 -1.37933 -59.2313 -0.822291 -30.4114 -0.119716 
-892.439 -141.489 -2.17315 -129.045 -1.99852 -113.286 -1.71389 -91.2586 -1.37933 -63.9987 -0.822291 -32.8665 -0.119716 
-959.12 -151.673 -2.17315 -138.637 -1.99852 -121.728 -1.71389 -98.0614 -1.37933 -68.7662 -0.822291 -35.3215 -0.119716 
-1025.8 -161.856 -2.17315 -148.229 -1.99852 -130.171 -1.71389 -104.864 -1.37933 -73.5336 -0.822291 -37.7766 -0.119716 
-1092.48 -172.04 -2.17315 -157.821 -1.99852 -138.614 -1.71389 -111.667 -1.37933 -78.301 -0.822291 -40.2316 -0.119716 
-1159.16 -182.224 -2.17315 -167.413 -1.99852 -147.056 -1.71389 -118.47 -1.37933 -83.0685 -0.822291 -42.6867 -0.119716 
-1225.85 -192.408 -2.17315 -177.005 -1.99852 -155.499 -1.71389 -125.272 -1.37933 -87.8359 -0.822291 -45.1417 -0.119716 
-1292.53 -202.592 -2.17315 -186.597 -1.99852 -163.942 -1.71389 -132.075 -1.37933 -92.6034 -0.822291 -47.5968 -0.119716 
-1359.21 -212.776 -2.17315 -196.189 -1.99852 -172.385 -1.71389 -138.878 -1.37933 -97.3708 -0.822291 -50.0519 -0.119716 
-1425.89 -222.96 -2.17315 -205.781 -1.99852 -180.827 -1.71389 -145.681 -1.37933 -102.138 -0.822291 -52.5069 -0.119716 
-1492.57 -233.143 -2.17315 -215.373 -1.99852 -189.27 -1.71389 -152.483 -1.37933 -106.906 -0.822291 -54.962 -0.119716 
-1559.25 -243.327 -2.17315 -224.965 -1.99852 -197.713 -1.71389 -159.286 -1.37933 -111.673 -0.822291 -57.417 -0.119716 
-1625.93 -253.511 -2.17315 -234.557 -1.99852 -206.155 -1.71389 -166.089 -1.37933 -116.441 -0.822291 -59.8721 -0.119716 
-1692.61 -263.695 -2.17315 -244.149 -1.99852 -214.598 -1.71389 -172.892 -1.37933 -121.208 -0.822291 -62.3271 -0.119716 
-1759.3 -273.879 -2.17315 -253.741 -1.99852 -223.041 -1.71389 -179.694 -1.37933 -125.975 -0.822291 -64.7822 -0.119716 
-1825.98 -284.063 -2.17315 -263.333 -1.99852 -231.483 -1.71389 -186.497 -1.37933 -130.743 -0.822291 -67.2373 -0.119716 
-1892.66 -294.247 -2.17315 -272.925 -1.99852 -239.926 -1.71389 -193.3 -1.37933 -135.51 -0.822291 -69.6923 -0.119716 
-1959.34 -304.43 -2.17315 -282.517 -1.99852 -248.369 -1.71389 -200.103 -1.37933 -140.278 -0.822291 -72.1474 -0.119716 
-2026.02 -314.614 -2.17315 -292.109 -1.99852 -256.812 -1.71389 -206.905 -1.37933 -145.045 -0.822291 -74.6024 -0.119716 
-2092.7 -324.798 -2.17315 -301.701 -1.99852 -265.254 -1.71389 -213.708 -1.37933 -149.813 -0.822291 -77.0575 -0.119716 
-2159.38 -334.982 -2.17315 -311.293 -1.99852 -273.697 -1.71389 -220.511 -1.37933 -154.58 -0.822291 -79.5126 -0.119716 
-2226.06 -345.166 -2.17315 -320.885 -1.99852 -282.14 -1.71389 -227.314 -1.37933 -159.347 -0.822291 -81.9676 -0.119716 
-72.3822 -22.7696 -4.27066 -9.09249 -2.94938 -9.25667 -3.05018 -7.45268 -2.12961 -5.48124 -1.13657 -2.76228 -0.237472 
-17.849 -7.31147 -6.90032 -5.47566 -0.490071 -3.07508 -1.31827 -2.33298 -0.569425 -1.90119 -0.599365 -1.00938 0.000807815 
-16.47 1.4259 0.62956 -3.45131 2.72434 -1.85069 -0.0585352 -2.51948 0.253606 -0.258251 -0.579266 -0.691037 0.214921 
-23.2503 1.14335 4.18453 -2.50312 1.50014 -1.21683 0.168996 -3.78579 -0.14341 -1.9856 0.785947 -0.73017 0.791055 
-26.364 -4.36102 0.212319 -3.55152 0.240975 -1.55334 -0.366916 -4.64081 0.425837 -1.1201 -0.109375 -1.07775 0.41296 
-30.906 -5.82039 0.725108 -4.67135 0.926356 -4.0391 -1.54573 -1.29325 -1.43406 -1.94644 0.261336 -2.1396 0.528069 
-70.1435 -15.5615 -2.01569 -11.6423 -4.5054 -9.22208 -0.204886 -8.17658 -1.6169 -4.97128 -0.573564 -2.7808 -0.230407 
-45.3596 -5.79384 -1.44273 -8.69638 0.931256 -6.87176 -0.531592 -4.30385 -0.963396 -3.02031 -0.114556 -1.68799 0.349055 
-30.6281 -6.53875 -1.20122 -4.65975 -0.458591 -4.16693 -1.59139 -4.74385 -0.958936 -1.68698 -0.216662 -1.76121 0.585767 
-63.6291 -8.40107 -1.54914 -11.5462 1.17726 -9.60112 -0.825268 -6.51757 -1.4869 -4.06799 -0.380527 -2.46586 0.279705 
-140.808 -26.6964 -2.17315 -20.9242 -1.99852 -18.1195 -1.71389 -14.5782 -1.37933 -10.2603 -0.822291 -5.19309 -0.119716 
-207.49 -36.8803 -2.17315 -30.5162 -1.99852 -26.5622 -1.71389 -21.3809 -1.37933 -15.0277 -0.822291 -7.64814 -0.119716 
-274.171 -47.0641 -2.17315 -40.1082 -1.99852 -35.0049 -1.71389 -28.1837 -1.37933 -19.7951 -0.822291 -10.1032 -0.119716 
-340.852 -57.248 -2.17315 -49.7002 -1.99852 -43.4476 -1.71389 -34.9864 -1.37933 -24.5626 -0.822291 -12.5583 -0.119716 
-407.534 -67.4318 -2.17315 -59.2922 -1.99852 -51.8903 -1.71389 -41.7892 -1.37933 -29.33 -0.822291 -15.0133 -0.119716 
-474.215 -77.6157 -2.17315 -68.8842 -1.99852 -60.333 -1.71389 -48.5919 -1.37933 -34.0975 -0.822291 -17.4684 -0.119716 
-540.896 -87.7996 -2.17315 -78.4762 -1.99852 -68.7757 -1.71389 -55.3947 -1.37933 -38.8649 -0.822291 -19.9234 -0.119716 
-607.577 -97.9834 -2.17315 -88.0682 -1.99852 -77.2184 -1.71389 -62.1974 -1.37933 -43.6323 -0.822291 -22.3785 -0.119716 
-674.259 -108.167 -2.17315 -97.6603 -1.99852 -85.6611 -1.71389 -69.0002 -1.37933 -48.3998 -0.822291 -24.8335 -0.119716 
-740.94 -118.351 -2.17315 -107.252 -1.99852 -94.1038 -1.71389 -75.8029 -1.37933 -53.1672 -0.822291 -27.2886 -0.119716 
-807.621 -128.535 -2.17315 -116.844 -1.99852 -102.547 -1.71389 -82.6056 -1.37933 -57.9346 -0.822291 -29.7437 -0.119716 
-874.303 -138.719 -2.17315 -126.436 -1.99852 -110.989 -1.71389 -89.4084 -1.37933 -62.7021 -0.822291 -32.1987 -0.119716 
-940.984 -148.903 -2.17315 -136.028 -1.99852 -119.432 -1.71389 -96.2111 -1.37933 -67.4695 -0.822291 -34.6538 -0.119716 
-1007.67 -159.087 -2.17315 -145.62 -1.99852 -127.875 -1.71389 -103.014 -1.37933 -72.2369 -0.822291 -37.1088 -0.119716 
-1074.35 -169.27 -2.17315 -155.212 -1.99852 -136.317 -1.71389 -109.817 -1.37933 -77.0044 -0.822291 -39.5639 -0.119716 
-1141.03 -179.454 -2.17315 -164.804 -1.99852 -144.76 -1.71389 -116.619 -1.37933 -81.7718 -0.822291 -42.019 -0.119716 
-1207.71 -189.638 -2.17315 -174.396 -1.99852 -153.203 -1.71389 -123.422 -1.37933 -86.5393 -0.822291 -44.474 -0.119716 
-1274.39 -199.822 -2.17315 -183.988 -1.99852 -161.646 -1.71389 -130.225 -1.37933 -91.3067 -0.822291 -46.9291 -0.119716 
-1341.07 -210.006 -2.17315 -193.58 -1.99852 -170.088 -1.71389 -137.028 -1.37933 -96.0741 -0.822291 -49.3841 -0.119716 
-1407.75 -220.19 -2.17315 -203.172 -1.99852 -178.531 -1.71389 -143.83 -1.37933 -100.842 -0.822291 -51.8392 -0.119716 
-1474.43 -230.374 -2.17315 -212.764 -1.99852 -186.974 -1.71389 -150.633 -1.37933 -105.609 -0.822291 -54.2942 -0.119716 
-1541.12 -240.557 -2.17315 -222.356 -1.99852 -195.416 -1.71389 -157.436 -1.37933 -110.376 -0.822291 -56.7493 -0.119716 
-1607.8 -250.741 -2.17315 -231.948 -1.99852 -203.859 -1.71389 -164.239 -1.37933 -115.144 -0.822291 -59.2044 -0.119716 
-1674.48 -260.925 -2.17315 -241.54 -1.99852 -212.302 -1.71389 -171.041 -1.37933 -119.911 -0.822291 -61.6594 -0.119716 
-1741.16 -271.109 -2.17315 -251.132 -1.99852 -220.745 -1.71389 -177.844 -1.37933 -124.679 -0.822291 -64.1145 -0.119716 
-1807.84 -281.293 -2.17315 -260.724 -1.99852 -229.187 -1.71389 -184.647 -1.37933 -129.446 -0.822291 -66.5695 -0.119716 
-1874.52 -291.477 -2.17315 -270.316 -1.99852 -237.63 -1.71389 -191.45 -1.37933 -134.214 -0.822291 -69.0246 -0.119716 
-1941.2 -301.661 -2.17315 -279.908 -1.99852 -246.073 -1.71389 -198.252 -1.37933 -138.981 -0.822291 -71.4796 -0.119716 
-2007.88 -311.845 -2.17315 -289.501 -1.99852 -254.515 -1.71389 -205.055 -1.37933 -143.748 -0.822291 -73.9347 -0.119716 
-2074.57 -322.028 -2.17315 -299.093 -1.99852 -262.958 -1.71389 -211.858 -1.37933 -148.516 -0.822291 -76.3898 -0.119716 
-2141.25 -332.212 -2.17315 -308.685 -1.99852 -271.401 -1.71389 -218.661 -1.37933 -153.283 -0.822291 -78.8448 -0.119716 
-2207.93 -342.396 -2.17315 -318.277 -1.99852 -279.843 -1.71389 -225.463 -1.37933 -158.051 -0.822291 -81.2999 -0.119716 
-2274.61 -352.58 -2.17315 -327.869 -1.99852 -288.286 -1.71389 -232.266 -1.37933 -162.818 -0.822291 -83.7549 -0.119716 
-2341.29 -362.764 -2.17315 -337.461 -1.99852 -296.729 -1.71389 -239.069 -1.37933 -167.586 -0.822291 -86.21 -0.119716 
-2407.97 -372.948 -2.17315 -347.053 -1.99852 -305.172 -1.71389 -245.872 -1.37933 -172.353 -0.822291 -88.665 -0.119716 
-2474.65 -383.132 -2.17315 -356.645 -1.99852 -313.614 -1.71389 -252.674 -1.37933 -177.121 -0.822291 -91.1201 -0.119716 
-2541.33 -393.315 -2.17315 -366.237 -1.99852 -322.057 -1.71389 -259.477 -1.37933 -181.888 -0.822291 -93.5752 -0.119716 
-2608.02 -403.499 -2.17315 -375.829 -1.99852 -330.5 -1.71389 -266.28 -1.37933 -186.655 -0.822291 -96.0302 -0.119716 
-2674.7 -413.683 -2.17315 -385.421 -1.99852 -338.942 -1.71389 -273.083 -1.37933 -191.423 -0.822291 -98.4853 -0.119716 
-2741.38 -423.867 -2.17315 -395.013 -1.99852 -347.385 -1.71389 -279.885 -1.37933 -196.19 -0.822291 -100.94 -0.119716 
-2808.06 -434.051 -2.17315 -404.605 -1.99852 -355.828 -1.71389 -286.688 -1.37933 -200.958 -0.822291 -103.395 -0.119716 
-2874.74 -444.235 -2.17315 -414.197 -1.99852 -364.271 -1.71389 -293.491 -1.37933 -205.725 -0.822291 -105.85 -0.119716 
-2941.42 -454.419 -2.17315 -423.789 -1.99852 -372.713 -1.71389 -300.294 -1.37933 -210.493 -0.822291 -108.306 -0.119716 
-3008.1 -464.602 -2.17315 -433.381 -1.99852 -381.156 -1.71389 -307.096 -1.37933 -215.26 -0.822291 -110.761 -0.119716 
-3074.78 -474.786 -2.17315 -442.973 -1.99852 -389.599 -1.71389 -313.899 -1.37933 -220.027 -0.822291 -113.216 -0.119716 
-3141.47 -484.97 -2.17315 -452.565 -1.99852 -398.041 -1.71389 -320.702 -1.37933 -224.795 -0.822291 -115.671 -0.119716 
-3208.15 -495.154 -2.17315 -462.157 -1.99852 -406.484 -1.71389 -327.505 -1.37933 -229.562 -0.822291 -118.126 -0.119716 
-3274.83 -505.338 -2.17315 -471.749 -1.99852 -414.927 -1.71389 -334.307 -1.37933 -234.33 -0.822291 -120.581 -0.119716 
-38.9317 -10.6513 -2.20397 -4.83355 -0.624015 -4.99952 -1.8739 -4.31387 -0.428263 -3.28924 -0.26717 -1.24364 0.0377644 
