402
13
stop
phil
-39.4466 -3.99188 1.19254 -5.51819 1.22909 -4.54199 0.452093 -3.71298 -0.0162365 -2.99489 0.0969119 -1.49163 0.350995 
-31.1062 -2.37429 2.65673 -1.64874 4.57151 -0.0545928 1.30321 -4.08936 0.235732 -2.54311 -0.258433 0.0689351 0.724918 
-30.6404 -1.09746 2.7646 -2.97045 1.5417 -3.5111 1.36898 -2.45111 1.13919 -1.90379 -0.190382 -1.42527 0.487873 
-32.0218 -2.49983 2.27384 -2.59783 2.83146 -1.69359 1.99791 -2.93762 -0.329216 -3.41663 -0.914861 -1.47589 0.983508 
-30.4983 -1.837 2.64707 -3.21418 0.861555 -4.92586 -0.539608 -2.66097 0.872007 -3.06143 -0.765277 -0.162556 -0.107549 
-61.0619 -5.43914 3.18192 -7.93501 0.652767 -9.14241 -0.388063 -5.32838 1.55116 -5.22286 -0.721873 -1.01777 -0.151421 
-132.85 -25.4809 -2.17315 -19.7793 -1.99852 -17.1118 -1.71389 -13.7662 -1.37933 -9.69125 -0.822291 -4.90006 -0.119716 
-199.531 -35.6647 -2.17315 -29.3713 -1.99852 -25.5545 -1.71389 -20.5689 -1.37933 -14.4587 -0.822291 -7.35511 -0.119716 
-266.212 -45.8486 -2.17315 -38.9633 -1.99852 -33.9972 -1.71389 -27.3717 -1.37933 -19.2261 -0.822291 -9.81017 -0.119716 
-332.893 -56.0325 -2.17315 -48.5553 -1.99852 -42.4399 -1.71389 -34.1744 -1.37933 -23.9936 -0.822291 -12.2652 -0.119716 
-399.575 -66.2163 -2.17315 -58.1473 -1.99852 -50.8826 -1.71389 -40.9772 -1.37933 -28.761 -0.822291 -14.7203 -0.119716 
-466.256 -76.4002 -2.17315 -67.7393 -1.99852 -59.3253 -1.71389 -47.7799 -1.37933 -33.5284 -0.822291 -17.1753 -0.119716 
-532.937 -86.584 -2.17315 -77.3314 -1.99852 -67.768 -1.71389 -54.5827 -1.37933 -38.2959 -0.822291 -19.6304 -0.119716 
-599.619 -96.7679 -2.17315 -86.9234 -1.99852 -76.2107 -1.71389 -61.3854 -1.37933 -43.0633 -0.822291 -22.0855 -0.119716 
-666.3 -106.952 -2.17315 -96.5154 -1.99852 -84.6534 -1.71389 -68.1882 -1.37933 -47.8307 -0.822291 -24.5405 -0.119716 
-732.981 -117.136 -2.17315 -106.107 -1.99852 -93.0962 -1.71389 -74.9909 -1.37933 -52.5982 -0.822291 -26.9956 -0.119716 
-799.662 -127.319 -2.17315 -115.699 -1.99852 -101.539 -1.71389 -81.7937 -1.37933 -57.3656 -0.822291 -29.4506 -0.119716 
-866.344 -137.503 -2.17315 -125.291 -1.99852 -109.982 -1.71389 -88.5964 -1.37933 -62.133 -0.822291 -31.9057 -0.119716 
-933.025 -147.687 -2.17315 -134.883 -1.99852 -118.424 -1.71389 -95.3992 -1.37933 -66.9005 -0.822291 -34.3608 -0.119716 
-999.706 -157.871 -2.17315 -144.475 -1.99852 -126.867 -1.71389 -102.202 -1.37933 -71.6679 -0.822291 -36.8158 -0.119716 
-1066.39 -168.055 -2.17315 -154.067 -1.99852 -135.31 -1.71389 -109.005 -1.37933 -76.4354 -0.822291 -39.2709 -0.119716 
-1133.07 -178.239 -2.17315 -163.659 -1.99852 -143.752 -1.71389 -115.807 -1.37933 -81.2028 -0.822291 -41.7259 -0.119716 
-1199.75 -188.423 -2.17315 -173.251 -1.99852 -152.195 -1.71389 -122.61 -1.37933 -85.9702 -0.822291 -44.181 -0.119716 
-1266.43 -198.607 -2.17315 -182.843 -1.99852 -160.638 -1.71389 -129.413 -1.37933 -90.7377 -0.822291 -46.636 -0.119716 
-1333.11 -208.79 -2.17315 -192.436 -1.99852 -169.081 -1.71389 -136.216 -1.37933 -95.5051 -0.822291 -49.0911 -0.119716 
-1399.79 -218.974 -2.17315 -202.028 -1.99852 -177.523 -1.71389 -143.018 -1.37933 -100.273 -0.822291 -51.5462 -0.119716 
-1466.48 -229.158 -2.17315 -211.62 -1.99852 -185.966 -1.71389 -149.821 -1.37933 -105.04 -0.822291 -54.0012 -0.119716 
-1533.16 -239.342 -2.17315 -221.212 -1.99852 -194.409 -1.71389 -156.624 -1.37933 -109.807 -0.822291 -56.4563 -0.119716 
-1599.84 -249.526 -2.17315 -230.804 -1.99852 -202.851 -1.71389 -163.427 -1.37933 -114.575 -0.822291 -58.9113 -0.119716 
-1666.52 -259.71 -2.17315 -240.396 -1.99852 -211.294 -1.71389 -170.229 -1.37933 -119.342 -0.822291 -61.3664 -0.119716 
-1733.2 -269.894 -2.17315 -249.988 -1.99852 -219.737 -1.71389 -177.032 -1.37933 -124.11 -0.822291 -63.8214 -0.119716 
-1799.88 -280.077 -2.17315 -259.58 -1.99852 -228.18 -1.71389 -183.835 -1.37933 -128.877 -0.822291 -66.2765 -0.119716 
-1866.56 -290.261 -2.17315 -269.172 -1.99852 -236.622 -1.71389 -190.638 -1.37933 -133.645 -0.822291 -68.7316 -0.119716 
-1933.24 -300.445 -2.17315 -278.764 -1.99852 -245.065 -1.71389 -197.44 -1.37933 -138.412 -0.822291 -71.1866 -0.119716 
-1999.93 -310.629 -2.17315 -288.356 -1.99852 -253.508 -1.71389 -204.243 -1.37933 -143.179 -0.822291 -73.6417 -0.119716 
-2066.61 -320.813 -2.17315 -297.948 -1.99852 -261.95 -1.71389 -211.046 -1.37933 -147.947 -0.822291 -76.0967 -0.119716 
-2133.29 -330.997 -2.17315 -307.54 -1.99852 -270.393 -1.71389 -217.849 -1.37933 -152.714 -0.822291 -78.5518 -0.119716 
-2199.97 -341.181 -2.17315 -317.132 -1.99852 -278.836 -1.71389 -224.651 -1.37933 -157.482 -0.822291 -81.0068 -0.119716 
-2266.65 -351.364 -2.17315 -326.724 -1.99852 -287.278 -1.71389 -231.454 -1.37933 -162.249 -0.822291 -83.4619 -0.119716 
-2333.33 -361.548 -2.17315 -336.316 -1.99852 -295.721 -1.71389 -238.257 -1.37933 -167.017 -0.822291 -85.917 -0.119716 
-2400.01 -371.732 -2.17315 -345.908 -1.99852 -304.164 -1.71389 -245.06 -1.37933 -171.784 -0.822291 -88.372 -0.119716 
-2466.69 -381.916 -2.17315 -355.5 -1.99852 -312.607 -1.71389 -251.862 -1.37933 -176.552 -0.822291 -90.8271 -0.119716 
-2533.38 -392.1 -2.17315 -365.092 -1.99852 -321.049 -1.71389 -258.665 -1.37933 -181.319 -0.822291 -93.2821 -0.119716 
-2600.06 -402.284 -2.17315 -374.684 -1.99852 -329.492 -1.71389 -265.468 -1.37933 -186.086 -0.822291 -95.7372 -0.119716 
-2666.74 -412.468 -2.17315 -384.276 -1.99852 -337.935 -1.71389 -272.271 -1.37933 -190.854 -0.822291 -98.1923 -0.119716 
-2733.42 -422.651 -2.17315 -393.868 -1.99852 -346.377 -1.71389 -279.073 -1.37933 -195.621 -0.822291 -100.647 -0.119716 
-2800.1 -432.835 -2.17315 -403.46 -1.99852 -354.82 -1.71389 -285.876 -1.37933 -200.389 -0.822291 -103.102 -0.119716 
-2866.78 -443.019 -2.17315 -413.052 -1.99852 -363.263 -1.71389 -292.679 -1.37933 -205.156 -0.822291 -105.557 -0.119716 
-2933.46 -453.203 -2.17315 -422.644 -1.99852 -371.706 -1.71389 -299.482 -1.37933 -209.924 -0.822291 -108.012 -0.119716 
-3000.14 -463.387 -2.17315 -432.236 -1.99852 -380.148 -1.71389 -306.284 -1.37933 -214.691 -0.822291 -110.468 -0.119716 
-3066.83 -473.571 -2.17315 -441.828 -1.99852 -388.591 -1.71389 -313.087 -1.37933 -219.458 -0.822291 -112.923 -0.119716 
-3133.51 -483.755 -2.17315 -451.42 -1.99852 -397.034 -1.71389 -319.89 -1.37933 -224.226 -0.822291 -115.378 -0.119716 
-3200.19 -493.939 -2.17315 -461.012 -1.99852 -405.476 -1.71389 -326.693 -1.37933 -228.993 -0.822291 -117.833 -0.119716 
-56.2169 -13.7118 -1.86849 -7.94008 -0.808809 -6.82043 -2.10159 -5.84921 -1.24139 -4.31678 -0.363958 -2.18805 -0.0940941 
-54.4109 -13.9956 -1.88153 -6.55367 0.911425 -5.69185 -3.1251 -5.55074 -1.07283 -4.76632 0.456485 -1.55763 0.313277 
-56.1431 -13.5482 -2.05422 -8.57326 -1.67114 -7.3355 -1.48345 -5.61888 -1.05741 -3.79645 -0.425208 -1.66033 0.144701 
-57.1877 -16.5688 -2.94938 -8.23045 -1.93759 -6.6803 -2.31849 -5.98316 -1.48194 -4.2783 -1.04544 -2.18103 0.0167083 
-52.0525 -15.2624 -3.26476 -7.77216 -1.13229 -4.7482 -1.79699 -4.5813 0.433488 -3.07474 0.682955 -0.787447 0.614992 
-40.4712 -12.5623 -1.01411 -5.64083 -2.6558 -3.85727 -1.62881 -3.8765 -0.356356 -2.86544 -0.211732 -1.04511 -0.0268222 
-39.002 -16.4081 -1.53588 -4.45564 -4.02456 -4.17521 -3.54229 -3.93172 -0.856077 -2.66469 -0.185857 -0.435876 -0.672923 
-44.4357 -14.6043 -2.47849 -7.84321 -4.00188 -6.03024 -1.56869 -2.64787 -1.43573 -3.90727 -1.02694 -1.04474 -0.780357 
-44.5455 -16.9866 -1.59746 -5.35132 -2.09745 -3.23056 -2.99736 -5.85342 -3.01659 -2.37607 -0.230706 -0.495456 0.751629 
-37.7107 -16.2804 -0.907993 -4.93367 -1.51705 0.362971 -2.7712 -3.81213 -1.86579 -3.1711 -1.87016 -1.60592 0.129063 
-39.0011 -13.653 2.25986 -3.24762 -2.5034 -3.48173 -2.70264 -3.73319 -2.95495 -2.56997 -0.619936 -1.15814 0.3478 
-41.2382 -17.3637 0.11279 -4.98152 -6.68266 -5.45207 -1.60989 -2.63675 -3.29271 -3.26444 -0.476237 -0.510898 -0.817085 
-44.2493 -16.4206 -1.37079 -7.4425 -1.94064 -2.66896 -2.68856 -3.14406 -2.38606 -2.60084 -0.984334 -0.682488 -0.184911 
-37.4639 -15.1139 -1.34201 -5.6267 -3.71232 -3.09542 -3.61309 -4.61702 -2.3702 -3.22727 -0.621085 -1.31694 -0.794216 
-41.6786 -14.5147 0.78621 -5.56752 -3.3268 -3.3835 -2.94138 -3.94168 -1.36168 -2.41585 -0.937983 -1.1164 -0.609295 
-39.774 -14.1084 0.948776 -3.57474 -2.45883 -4.51009 -3.10019 -2.88026 -2.14781 -3.51563 -1.05771 -1.55594 0.687268 
-40.7053 -15.084 -0.875229 -6.90109 -5.12333 -3.55064 -1.12284 -3.4154 -1.94295 -2.21692 -0.565081 -1.35104 -0.694358 
-38.3783 -13.4877 -0.108546 -5.13532 -2.54678 -3.12621 -3.64077 -3.97135 -0.37418 -1.74094 -0.662427 -2.15346 0.00403266 
-41.1072 -11.0505 1.13874 -6.13009 -2.03308 -4.00615 -1.92819 -3.03061 -0.883644 -2.16976 -0.126075 -1.17293 -0.491232 
-39.8362 -16.9138 0.169528 -3.94085 -4.09549 -5.40767 -3.99016 -3.79524 -1.75274 -0.523297 -1.95623 -1.68764 -0.278273 
-39.6025 -14.6969 -0.463356 -6.18943 -5.72194 -4.65972 -2.21519 -4.39165 -2.51299 -2.2874 -0.118681 -1.5785 -0.991034 
-40.0247 -14.6985 1.53046 -4.28239 -0.792875 -0.374924 -1.11175 -2.89249 -2.58095 -2.72818 -2.44695 -1.27036 0.00427539 
-41.4617 -16.7291 -0.726618 -7.51229 -3.85235 -2.32682 -4.14974 -3.09571 -0.164609 -1.13476 -1.13044 -1.37589 -0.0636758 
-44.2662 -17.0139 1.96099 -4.224 -3.18024 -2.79272 -3.03123 -2.74441 -0.771088 -2.36404 -1.87696 -1.81035 -0.596321 
-39.2569 -17.172 0.809656 -3.80228 -1.69089 -2.19697 -3.23538 -1.88777 -2.80662 -2.11896 -1.73782 -1.65891 -0.595694 
-39.3438 -15.2607 -0.657108 -7.4469 -4.58517 -3.16946 -3.51978 -3.42681 -2.51536 -3.95039 -1.89582 -1.28804 -0.262836 
-42.8657 -18.771 -1.59364 -8.45346 -6.11776 -5.41873 -5.67297 -3.76864 -3.07614 -3.22234 -2.56438 -1.59098 -0.621195 
-43.6248 -19.1656 -1.88969 -7.55842 -5.37605 -4.87537 -5.41331 -5.03741 -4.11906 -2.75819 -0.734732 -1.77587 -0.771142 
-42.9737 -20.1299 -3.74881 -8.61315 -4.31662 -0.641155 -1.2887 -3.86764 -2.8906 -1.61599 -1.54751 -1.0719 -0.266282 
-41.6128 -16.1261 0.167898 -7.87523 -3.09912 -3.47524 -5.22194 -3.13524 -3.12143 -1.88473 -1.10406 -1.25456 -0.218537 
-42.4178 -16.8576 1.07409 -5.74331 -1.2653 -0.961919 -3.31844 -2.3219 -2.53354 -2.42582 -0.536055 0.258991 -0.845579 
-39.409 -14.9889 1.87905 -5.37825 -3.94144 -2.43617 -1.93922 -2.14478 -2.07995 -2.34278 -0.864193 -0.0777312 -1.10586 
-39.0828 -16.8525 1.14057 -5.68325 -4.4489 -3.56309 -3.78439 -2.73738 -2.87524 -1.51728 -2.25298 -1.25303 -1.31058 
-36.68 -12.8151 2.45675 -5.93365 -5.06311 -2.67252 -3.95332 -5.38802 -1.73004 -1.40023 -1.82124 -1.17374 0.429859 
-40.2125 -17.7685 0.0721968 -5.64782 -4.20036 -1.98692 -3.05437 -3.37574 -3.30515 -2.22383 -0.716186 -1.72212 -0.546947 
-40.4384 -16.866 0.673007 -3.79893 -2.97805 -4.08821 -4.30769 -3.74477 -2.9186 -3.3242 -1.50552 0.172999 -0.227769 
-42.6356 -17.9981 -0.0518089 -5.67047 -4.82494 -3.95009 -5.53568 -4.60664 -1.52893 -3.78131 -2.37527 -1.26496 -0.329957 
-41.4148 -15.1176 1.01732 -8.19622 -5.88295 -2.5124 -2.1894 -4.03206 -1.9465 -1.41446 -1.12124 -0.415309 -0.815292 
-38.6961 -12.3559 2.18145 -5.98033 -3.99694 -2.76297 -2.30984 -4.01579 -0.826955 -1.48998 -1.50716 -0.469793 -0.804296 
-40.3311 -14.5829 -0.0397385 -4.6773 -4.13039 -4.01816 -3.28567 -4.58087 0.00695214 -2.73439 -0.960546 -0.575445 0.452059 
-35.7845 -14.8819 0.248077 -3.35971 -3.94724 -1.50127 -1.61529 -4.18268 -1.43665 -2.73541 -1.23775 -1.64042 0.190025 
-38.8554 -15.9632 1.28004 -5.63693 -2.98103 -1.48624 -3.84505 -3.63399 -3.40976 -1.98815 -0.792484 -0.737089 0.578372 
-39.7271 -18.1128 -0.389409 -6.60703 -5.42393 -2.74997 -3.83478 -6.15495 -3.90572 -0.440971 -2.58989 -1.36985 0.132396 
-34.3467 -14.5288 -1.4252 -4.15442 -2.0969 -4.13798 -3.71707 -2.27544 -1.66847 -2.2081 -1.52249 -1.43957 0.758155 
-35.5079 -18.1463 -2.5273 -5.60948 -3.69698 -2.84097 -4.5282 -1.84989 -0.726816 -1.7519 -1.69632 -0.86823 0.327616 
-33.8988 -15.0534 -0.868861 -6.2178 -4.43411 -3.00476 -4.85042 -4.05875 -2.487 -2.34314 -1.13022 -0.455589 0.363006 
-34.6356 -17.854 -5.07577 -8.51921 -6.80599 -4.35528 -4.45659 -4.15596 -2.01621 -2.43231 -1.83888 -1.08934 -0.124356 
-33.1261 -15.1278 -0.584144 -6.37421 -6.73401 -3.2946 -4.22831 -3.837 -2.46356 -3.27088 -1.31908 -1.52439 0.0566725 
-33.0086 -15.1827 -1.22208 -5.03104 -5.63338 -4.62778 -3.05629 -2.91081 -1.98033 -1.94711 -1.79753 -1.19335 0.196092 
-35.3229 -16.5722 -0.956029 -4.87798 -4.15284 -4.79573 -3.26341 -1.75045 -2.99357 -0.957651 -1.17624 -1.14337 -0.0948318 
-37.2765 -17.528 -1.64491 -5.25449 -3.64789 -3.50856 -5.19566 -4.68514 -2.62817 -1.75343 -1.90802 -1.35458 0.642356 
-35.8713 -18.3714 -1.77332 -3.34869 -3.79316 -2.88123 -2.47012 -4.10129 -3.30951 -1.56799 -2.10502 -1.3838 -0.230585 
-34.9174 -16.772 -0.35797 -4.64875 -6.34491 -3.21101 -2.75474 -2.50446 -2.33772 -2.85479 -0.808385 -1.93739 0.0909313 
-36.9558 -17.2992 -0.383285 -5.98618 -4.87305 -2.49753 -3.10326 -2.21098 -4.02834 -3.05206 -0.789353 -1.76144 -0.628537 
-35.8049 -16.8496 -0.268561 -4.25375 -2.9143 -1.34663 -4.94084 -4.74899 -2.59081 -2.0022 -1.26027 -1.55952 0.791488 
-37.8672 -16.4477 1.01817 -4.23364 -3.07373 -2.04272 -4.28946 -4.45599 -1.88463 -1.49872 -2.01746 -0.719602 -1.05865 
-33.1643 -14.6219 0.360802 -4.67787 -4.26866 -4.20561 -3.588 -2.39577 -2.87235 -2.04121 -1.88198 -0.79867 -0.684479 
-34.0304 -17.0611 -0.0796992 -4.12349 -4.97798 -2.01869 -1.41614 -2.46592 -2.90882 -1.12869 -1.80303 -0.849449 0.295082 
-33.4987 -13.07 2.61465 -3.18333 -4.09944 -3.00145 -2.32094 -2.07959 -1.84323 -2.0416 -1.14651 -1.19894 -0.0382775 
-36.0654 -15.7512 2.39145 -4.08256 -7.03284 -4.32664 -2.29874 -0.836575 -2.21035 -2.53808 -1.0331 -1.86998 0.700614 
-33.9565 -19.2103 -0.651966 -2.75006 -3.74223 -0.434433 -2.61661 -3.27387 -2.98594 -1.77928 -1.98788 -1.47942 -0.55197 
-34.1188 -16.8576 -0.622179 -7.41339 -7.87263 -4.26279 -5.32555 -4.5943 -3.31135 -1.39765 -2.4706 -1.86634 0.501966 
-37.0284 -18.5975 0.449565 -4.11392 -5.40411 -3.68751 -4.92268 -3.4323 -3.3592 -2.03807 -1.21537 -1.24368 0.188442 
-33.617 -17.5964 -1.12758 -4.86679 -3.913 1.21579 -0.943755 -1.92826 -1.69461 -2.49153 -1.69726 -1.14557 -0.744269 
-36.7917 -15.2641 0.930718 -5.53244 -4.43583 -3.79253 -3.97806 -4.12543 -2.88818 -0.880548 -2.02805 -0.572995 0.235751 
-33.7466 -12.7021 1.96941 -5.40533 -6.20651 -2.62098 -2.21711 -3.95919 -1.12154 -1.23228 -1.59097 -1.45093 -0.401301 
-33.5617 -15.6719 0.20587 -5.02707 -7.00311 -5.83477 -5.12696 -3.95311 -3.09612 -2.88208 -2.05028 -0.787834 -0.862377 
-31.9107 -14.028 0.575359 -3.90906 -3.09484 -1.25607 -2.13128 -3.60898 -1.64623 -0.902194 -2.22361 -0.209373 -0.174634 
-33.163 -14.9283 -1.08963 -5.66454 -3.93006 -4.90158 -5.06117 -2.9048 -3.07392 -2.16861 -2.01515 -1.39987 -0.418398 
-32.2252 -14.5512 -1.35552 -4.30315 -4.40607 -4.75931 -3.83889 -3.65114 -1.14971 -1.21586 -2.11214 -1.14686 -0.335455 
-36.6815 -15.6718 -0.277877 -4.57091 -3.15312 -3.11776 -2.0947 -1.16259 -1.31066 -1.89831 -0.585854 0.217373 -0.627691 
-30.4644 -13.7724 -0.130612 -3.02423 -1.97991 -2.59206 -4.98707 -3.75219 -0.894433 -1.85176 -1.8113 -0.215644 -0.314162 
-32.2627 -12.8047 1.56901 -4.80514 -4.75605 -3.28811 -4.07106 -3.28278 -1.20183 -1.20017 -1.21938 -1.54784 -0.280033 
-31.7038 -10.8142 2.84561 -5.07186 -3.54079 -3.70939 -4.04601 -3.04492 -1.42384 -0.685733 -2.80072 -0.835371 -0.112351 
-35.1987 -15.6198 -1.91359 -4.8287 -4.34527 -5.13516 -2.14694 -3.63528 -3.06582 -0.980327 -1.54241 -0.30427 0.119357 
-33.2576 -14.6837 -1.15545 -6.42439 -4.26805 -3.98637 -4.86647 -2.17257 -1.72458 -2.01376 -1.08525 -1.26325 -0.0508803 
-37.346 -16.9567 -2.4496 -6.43045 -5.83934 -4.12591 -3.95052 -4.21123 -2.44782 -3.849 -1.24695 -1.3919 -1.19479 
-41.6313 -17.6535 -4.42856 -8.01951 -6.69899 -6.3153 -3.3381 -4.9617 -3.39835 -3.56396 -1.53803 -3.64156 -0.140076 
-33.9221 -13.6552 2.13829 -3.01191 -5.66236 -2.68813 -0.467207 -1.46071 -1.39113 -2.18367 -0.445705 -2.33568 0.581583 
-34.0851 -14.6055 -0.44561 -4.86475 -6.21818 -5.61947 -3.05607 -4.48945 -4.14741 -2.32331 -1.14307 -1.44646 -0.376095 
-35.6244 -14.5413 -1.92452 -4.44523 -4.29858 -5.2078 -3.56816 -3.96069 -0.231648 -2.45607 -1.64953 -0.938221 0.0365831 
-34.2262 -13.2435 0.801014 -5.00521 -3.2449 -3.14513 -4.59095 -4.13468 -1.92114 -1.01525 -0.88733 -1.86276 -0.197272 
-33.5733 -15.9298 0.0110505 -3.99914 -4.35416 -3.70816 -5.09292 -4.63726 -1.68926 -0.607738 -2.43198 -1.25866 0.0168737 
-33.7949 -15.0164 -1.13149 -4.52694 -4.60511 -3.78113 -3.57724 -2.61675 -0.641561 -2.68393 -0.350327 -0.272402 -0.491021 
-38.5172 -15.5701 2.32763 -3.89843 -4.74883 -4.98702 -4.40809 -3.6281 -3.01852 -1.9543 -1.93978 -1.35716 0.503889 
-37.4018 -16.2655 -2.16176 -9.16923 -7.93216 -6.82194 -5.47039 -4.39137 -3.76866 -3.42821 -2.78454 -1.16095 -0.591327 
-39.8273 -14.3447 0.913525 -4.50502 -5.2544 -6.90685 -3.33406 -2.94261 -1.10912 -1.95198 -1.95891 -1.70988 0.789597 
-36.6896 -14.3773 0.49007 -4.8347 -4.95373 -6.60364 -3.24743 -1.39742 -2.36633 -3.12893 -2.34496 -0.914997 0.284792 
-39.4187 -14.8784 -1.31614 -6.37795 -3.01105 -3.72625 -2.44571 -3.38216 -2.77181 -2.71154 -0.538664 -0.223706 -0.886882 
-36.8099 -13.5314 -0.230744 -4.50003 -2.48758 -4.21038 -2.79999 -4.52112 -1.91176 -1.10118 -2.11762 -1.10889 -0.963724 
-40.3813 -14.7127 -2.49624 -5.64646 -3.68672 -4.28532 -1.70408 -5.24003 -0.959935 -0.953607 -0.510103 -1.94605 0.70641 
-49.1298 -16.2398 -0.626305 -7.89781 -4.67551 -3.48498 -0.51706 -5.97243 -3.65641 -3.01946 -1.56089 -2.48288 -0.0112329 
-51.7364 -15.7955 -2.8967 -7.97905 -2.34226 -6.15229 -2.18183 -5.94282 -2.54607 -3.86985 -1.14578 -1.78689 -1.08313 
-40.607 -13.6558 0.769434 -5.36022 -4.95359 -6.00442 -1.00194 -2.64493 -2.53292 -2.6946 -1.72112 -1.04619 -0.202703 
-55.319 -13.4743 -2.075 -8.54408 -2.02104 -7.52581 -1.7332 -5.81728 -1.44228 -4.34961 -0.946213 -2.13951 -0.278675 
-113.169 -23.0238 -1.96152 -16.4732 -1.80184 -14.177 -1.53392 -11.6373 -1.69106 -8.55138 -1.19966 -4.06006 0.247043 
-113.534 -22.5309 -2.17315 -17.0007 -1.99852 -14.6661 -1.71389 -11.7956 -1.37933 -8.31025 -0.822291 -4.18889 -0.119716 
-180.215 -32.7147 -2.17315 -26.5927 -1.99852 -23.1088 -1.71389 -18.5984 -1.37933 -13.0777 -0.822291 -6.64395 -0.119716 
-246.896 -42.8986 -2.17315 -36.1848 -1.99852 -31.5516 -1.71389 -25.4011 -1.37933 -17.8451 -0.822291 -9.09901 -0.119716 
-313.578 -53.0825 -2.17315 -45.7768 -1.99852 -39.9943 -1.71389 -32.2039 -1.37933 -22.6126 -0.822291 -11.5541 -0.119716 
-380.259 -63.2663 -2.17315 -55.3688 -1.99852 -48.437 -1.71389 -39.0066 -1.37933 -27.38 -0.822291 -14.0091 -0.119716 
-446.94 -73.4502 -2.17315 -64.9608 -1.99852 -56.8797 -1.71389 -45.8094 -1.37933 -32.1474 -0.822291 -16.4642 -0.119716 
-513.622 -83.6341 -2.17315 -74.5528 -1.99852 -65.3224 -1.71389 -52.6121 -1.37933 -36.9149 -0.822291 -18.9192 -0.119716 
-580.303 -93.8179 -2.17315 -84.1448 -1.99852 -73.7651 -1.71389 -59.4149 -1.37933 -41.6823 -0.822291 -21.3743 -0.119716 
-646.984 -104.002 -2.17315 -93.7368 -1.99852 -82.2078 -1.71389 -66.2176 -1.37933 -46.4497 -0.822291 -23.8294 -0.119716 
-713.665 -114.186 -2.17315 -103.329 -1.99852 -90.6505 -1.71389 -73.0204 -1.37933 -51.2172 -0.822291 -26.2844 -0.119716 
-780.347 -124.37 -2.17315 -112.921 -1.99852 -99.0932 -1.71389 -79.8231 -1.37933 -55.9846 -0.822291 -28.7395 -0.119716 
-847.028 -134.553 -2.17315 -122.513 -1.99852 -107.536 -1.71389 -86.6259 -1.37933 -60.7521 -0.822291 -31.1945 -0.119716 
-913.709 -144.737 -2.17315 -132.105 -1.99852 -115.979 -1.71389 -93.4286 -1.37933 -65.5195 -0.822291 -33.6496 -0.119716 
-980.391 -154.921 -2.17315 -141.697 -1.99852 -124.421 -1.71389 -100.231 -1.37933 -70.2869 -0.822291 -36.1046 -0.119716 
-1047.07 -165.105 -2.17315 -151.289 -1.99852 -132.864 -1.71389 -107.034 -1.37933 -75.0544 -0.822291 -38.5597 -0.119716 
-1113.75 -175.289 -2.17315 -160.881 -1.99852 -141.307 -1.71389 -113.837 -1.37933 -79.8218 -0.822291 -41.0148 -0.119716 
-1180.43 -185.473 -2.17315 -170.473 -1.99852 -149.75 -1.71389 -120.64 -1.37933 -84.5892 -0.822291 -43.4698 -0.119716 
-1247.12 -195.657 -2.17315 -180.065 -1.99852 -158.192 -1.71389 -127.442 -1.37933 -89.3567 -0.822291 -45.9249 -0.119716 
-1313.8 -205.84 -2.17315 -189.657 -1.99852 -166.635 -1.71389 -134.245 -1.37933 -94.1241 -0.822291 -48.3799 -0.119716 
-1380.48 -216.024 -2.17315 -199.249 -1.99852 -175.078 -1.71389 -141.048 -1.37933 -98.8915 -0.822291 -50.835 -0.119716 
-1447.16 -226.208 -2.17315 -208.841 -1.99852 -183.52 -1.71389 -147.851 -1.37933 -103.659 -0.822291 -53.29 -0.119716 
-1513.84 -236.392 -2.17315 -218.433 -1.99852 -191.963 -1.71389 -154.653 -1.37933 -108.426 -0.822291 -55.7451 -0.119716 
-1580.52 -246.576 -2.17315 -228.025 -1.99852 -200.406 -1.71389 -161.456 -1.37933 -113.194 -0.822291 -58.2002 -0.119716 
-1647.2 -256.76 -2.17315 -237.617 -1.99852 -208.848 -1.71389 -168.259 -1.37933 -117.961 -0.822291 -60.6552 -0.119716 
-1713.88 -266.944 -2.17315 -247.209 -1.99852 -217.291 -1.71389 -175.062 -1.37933 -122.729 -0.822291 -63.1103 -0.119716 
-1780.57 -277.127 -2.17315 -256.801 -1.99852 -225.734 -1.71389 -181.864 -1.37933 -127.496 -0.822291 -65.5653 -0.119716 
-1847.25 -287.311 -2.17315 -266.393 -1.99852 -234.177 -1.71389 -188.667 -1.37933 -132.264 -0.822291 -68.0204 -0.119716 
-1913.93 -297.495 -2.17315 -275.985 -1.99852 -242.619 -1.71389 -195.47 -1.37933 -137.031 -0.822291 -70.4755 -0.119716 
-48.7726 -15.311 -4.82077 -7.78343 -3.35 -6.98263 -2.04564 -5.88948 -1.34966 -4.22624 -0.820258 -2.36887 -0.314748 
-19.4294 -9.51237 -2.44148 -1.79136 -3.6028 -2.24811 -1.95092 -4.15811 0.195357 -1.81051 -0.759509 -1.07179 0.58607 
-22.6802 -8.69982 -0.821199 0.180483 -1.69111 -3.57638 -1.89172 -4.34652 0.296732 -1.15014 -0.69811 -1.34614 -0.166585 
-17.5452 -3.56287 0.735794 -0.0643058 0.10908 -1.74268 0.978174 -4.66427 -1.17718 -0.47658 -1.41527 -0.177205 0.0989697 
-14.648 -5.29269 1.19686 -2.01734 -3.90712 -2.61485 -2.8568 -3.18226 -0.0270676 -1.14249 -1.23076 -0.929823 0.461413 
-19.0567 -6.04651 -0.98351 1.02331 0.833463 -3.33764 -0.837069 -4.30783 -0.413342 -0.73552 -1.15274 -0.222274 -0.237556 
-19.1853 -5.25068 2.79869 -0.273601 -0.905915 -1.03067 -0.716324 -1.78747 -0.361765 -1.61941 -0.612085 -1.21215 0.761266 
-20.0437 -1.46223 1.44053 -1.27313 0.0348204 -3.99947 -0.213358 -2.36735 0.00703304 -2.16099 0.339772 -0.503596 -0.00437974 
-17.2723 2.0002 5.8412 1.088 1.54683 -1.53018 0.502673 -3.95207 0.194259 -0.0309838 0.649547 0.161854 0.210125 
-1.88388 2.80187 2.3839 1.2894 -2.04523 0.0848997 0.680747 -2.67736 1.17796 -1.92641 1.33011 -0.48855 0.474885 
0.354027 6.14542 6.96444 3.76967 -2.28228 0.505546 1.89858 -2.81643 0.962856 -0.397042 2.44344 -0.637689 0.695744 
-3.55678 5.37174 5.34101 1.05512 -1.88156 0.00818215 0.149774 -3.77824 1.84525 -0.772041 0.621953 -0.560793 1.70232 
-2.39035 5.01809 5.55002 1.72555 -1.74782 0.665462 1.80098 -0.775996 2.35026 -1.24646 1.64109 -0.60845 -0.0655631 
1.51878 5.75007 8.28831 1.31245 -3.59947 2.45289 1.61923 -1.85583 0.144706 -0.498406 1.92213 0.34263 -0.180693 
-6.31212 3.57951 5.63105 -1.93229 -2.05407 1.47625 -0.920045 -2.86585 -0.384428 -1.67468 1.87515 -0.302132 -0.330504 
-1.44992 4.69062 6.08702 0.720732 -2.38445 1.93976 1.15845 -1.42241 0.91071 -1.50221 1.51194 -0.714664 0.994513 
6.60373 7.58091 4.21235 0.311101 -2.49122 1.11586 2.68796 -0.573016 -0.137184 -0.799069 1.51796 -0.841596 1.02755 
-3.47557 6.14867 0.979349 -4.51318 -1.47353 -0.813025 1.21098 -2.14674 -0.980613 -2.29439 1.14005 -0.332645 -0.137612 
-0.95529 8.39225 4.56889 -1.67721 -0.881867 0.894071 2.8714 -1.6298 -0.239195 -0.284577 1.89856 -1.25389 1.00632 
6.55335 8.06634 2.00935 -0.855136 -1.08327 0.73142 2.6545 -0.568081 0.389471 -0.428832 1.69859 -0.480736 0.331184 
-4.71719 4.54546 -2.02975 -5.65094 -1.98925 -0.954489 2.62225 -2.04138 -0.325663 -1.41038 1.33858 -1.35034 -0.422263 
-2.28333 9.57469 3.29969 -5.25476 -0.572166 0.105376 1.0043 -1.32324 0.353655 -1.22331 1.36306 -0.915076 0.181432 
3.83053 7.06659 2.35668 -1.57423 -1.74042 0.0820037 2.12858 -0.7282 -0.0457807 -0.46492 1.4285 -0.762186 -0.057609 
-5.31222 4.44289 0.935903 -5.13156 -2.1088 0.116656 2.66802 -1.15558 -0.463517 -0.52196 1.22376 -0.838798 -0.449854 
-3.88227 9.97687 3.19622 -6.19966 -0.647656 -1.18143 0.396393 -1.68523 -0.0766521 -0.987078 1.37981 -0.703547 0.491576 
2.5281 8.81501 1.41822 -3.72591 -1.32781 -0.995644 1.9982 -0.602173 0.158768 -0.289826 1.68744 -0.798576 0.604467 
-6.29538 7.77068 3.68847 -3.5396 -1.55794 -0.577909 1.80912 -2.83176 -0.00915483 -0.882362 2.23926 -1.51012 0.684145 
-6.89835 7.67147 2.94323 -3.21622 -1.25317 -2.56144 1.21029 -2.33832 0.453915 -1.05376 1.65687 -1.41443 0.591448 
3.88621 7.55252 0.905109 -0.148471 -2.53065 -1.61156 2.75008 -1.68944 1.99275 -0.291161 1.81237 -1.22565 0.573403 
-0.390677 7.10336 2.64155 -0.0953741 -2.58955 -0.919673 3.96785 -2.16699 0.0424409 -1.14037 2.18842 -1.36294 0.545743 
-7.4851 4.93356 1.03683 -2.73757 -3.21972 -2.94092 1.14299 -3.54255 1.42423 -1.04875 1.40539 -1.80742 0.600185 
3.96657 6.69612 1.13626 -1.12609 -3.58549 -1.16995 3.33832 -0.606572 1.14967 -1.21616 1.20008 -0.483495 0.491827 
2.57976 6.51688 0.891577 -0.0666405 -3.55624 -0.672653 4.50776 -2.91704 -0.159166 -1.19335 2.16304 -1.01369 0.535768 
-4.68293 5.66549 1.31086 -2.49594 -3.74022 -3.11044 1.57305 -4.31029 1.10114 -0.197255 0.285041 -0.968207 0.211024 
2.28764 6.88849 0.813089 -1.5939 -3.52822 -1.4539 3.46783 -0.39911 1.14248 -1.82652 1.7231 -1.3681 0.378268 
1.60483 5.69886 0.418189 -2.12776 -4.1811 -0.381976 3.55704 -2.33654 0.0236343 -1.50972 1.61233 -1.05913 0.788612 
-5.36704 5.31534 1.01104 -3.26609 -5.80356 -4.29714 2.14908 -3.83931 -0.244361 -1.02714 1.6107 -2.01648 -0.164931 
2.11336 7.18788 1.87193 -1.45611 -2.64828 -0.895285 2.85587 -0.235094 0.835802 -1.75079 1.24168 -1.65169 0.749583 
0.556214 5.64746 1.247 -2.73877 -4.12437 -0.15007 4.131 -1.76792 0.122797 -0.2918 0.985398 -0.882177 0.453853 
-6.96646 5.54853 1.93612 -5.1222 -6.15982 -3.26129 1.71909 -3.96026 0.0464672 -1.77888 0.450805 -0.877688 -0.361063 
2.3139 8.57202 1.91508 -1.18356 -1.76208 -1.16994 3.91934 -1.05042 0.223678 -1.15243 0.833006 -1.26824 0.764409 
-0.732992 6.35364 1.3192 -2.56185 -5.50097 -1.35109 5.36639 -1.53933 0.659851 -0.699707 2.13513 -0.817865 0.548225 
-6.10937 6.41585 2.61811 -4.2215 -5.4268 -3.28831 1.84574 -3.59724 0.139617 -1.97118 0.311817 -0.641972 0.0579987 
4.10377 7.96628 1.14505 -0.114113 -2.39701 -1.11137 4.65665 -1.87965 0.0904311 -1.18184 0.747643 -0.834295 0.400543 
0.079316 6.15443 0.007766 -3.68339 -5.59083 -1.87218 4.70517 -1.83386 0.47275 -0.345792 2.16893 -0.331458 0.102446 
-6.29574 6.32745 2.65782 -4.10213 -6.463 -3.7197 2.22676 -3.8011 0.186193 -2.18122 -0.143124 -1.12059 1.24683 
2.73206 7.47081 1.42458 -0.341149 -2.68776 -1.19165 4.71717 -0.864661 0.379899 -1.57593 0.903263 -1.33244 0.46243 
-1.46921 6.35644 0.587491 -3.90446 -5.41517 -2.28933 4.91903 -1.96338 -0.158691 -0.425743 1.85407 -0.109861 -0.340268 
-8.53006 6.74358 2.20933 -4.30999 -6.16327 -5.7978 3.65053 -3.00019 -1.70751 -2.17744 1.27541 -1.18587 -0.246834 
2.9089 7.87049 1.85116 0.378279 -2.68584 -1.43926 4.87085 -2.32849 -0.015778 -1.47454 0.679248 0.230723 0.47116 
-2.34698 5.7918 1.12672 -3.72807 -5.78825 -2.98732 3.88793 -2.49251 -0.399443 -0.814119 0.840969 -0.159391 -0.33842 
-6.37421 5.03763 1.16469 -4.14454 -5.54043 -4.03939 1.98721 -3.73162 -0.137479 -1.82298 -0.664631 -0.837757 0.560311 
1.85365 6.87013 3.16847 0.854018 -3.22511 -0.570998 5.18079 -1.97681 -0.52274 -1.36588 0.662173 -0.675699 0.647402 
-3.53026 4.79408 1.47591 -3.20421 -6.77947 -2.16685 4.72212 -2.33392 0.12555 -0.866031 1.56503 -0.730436 0.241409 
-7.43473 5.37452 3.26478 -2.73916 -6.13794 -4.13201 4.49169 -2.26758 -0.527578 -1.46654 0.0904187 -0.154337 0.326299 
-0.29447 7.60259 2.0287 -0.0404185 -2.24151 -1.22921 5.63565 -1.62457 0.905498 -1.36348 0.290336 -0.625854 -0.301947 
-4.75668 4.40361 1.3325 -2.54621 -4.82316 -1.62168 4.50677 -2.35153 0.619165 -0.954478 0.701812 -0.230529 -0.171463 
-9.58526 5.05362 4.71783 -2.06313 -5.20424 -3.2602 2.6389 -2.6185 0.00867984 -1.96833 0.904481 -0.911798 0.451341 
-3.35147 6.75225 3.63471 0.00336225 -3.47523 -1.88864 5.90843 -0.953264 0.896285 -0.740111 0.85223 -0.604729 0.174063 
-5.9135 5.89783 4.20349 -0.165429 -2.93227 -1.42486 3.95902 -2.91921 0.60551 -1.36721 -0.152554 -0.366343 0.72383 
-12.4174 6.48745 6.48086 0.302267 -2.86517 -4.41123 1.77087 -3.45298 1.38978 -0.833223 0.919287 -1.22811 1.10929 
-9.59184 6.57976 3.98836 -1.2735 -2.95091 -4.61813 3.06291 -3.15622 0.537791 -0.188869 0.765131 -0.130438 -0.0385218 
-6.41968 10.143 5.06922 -0.338335 -2.9786 -3.80584 4.72471 -3.91097 1.29198 -0.828231 0.15929 -0.684901 0.636481 
-9.57077 5.97285 3.75437 -2.77339 -3.09451 -3.01199 2.90202 -3.02506 -0.34227 -0.845023 0.156998 -0.756802 1.03085 
-16.8445 5.80288 5.81214 -0.229722 -2.14012 -3.42078 4.87331 -3.17091 1.52344 -1.11281 0.196564 -0.374439 0.931011 
-15.1838 6.87241 7.58522 -0.1444 -2.82797 -5.49688 4.165 -1.45994 0.0593885 -0.548811 0.774606 -0.833595 0.381524 
-20.7547 6.22304 7.86713 -0.377391 0.275272 -4.48322 2.33528 -1.90457 0.0505151 -1.58076 1.48722 -0.931732 0.876585 
-21.3121 4.94619 8.38753 -0.451511 -0.523666 -2.09067 2.96989 -4.99019 -0.42124 -1.0076 0.553502 1.38907 0.981972 
-20.545 3.19745 4.44274 -3.74339 -0.634313 -3.86739 0.703179 -1.23184 0.827442 -1.75283 0.602029 -1.03432 -0.639829 
-22.8485 1.95486 5.91262 -1.02394 -1.43218 -4.37925 0.811317 -3.38289 -0.0850184 -2.4813 0.92663 0.292884 0.969396 
-24.4663 4.06053 7.32947 -3.5924 -0.655553 -2.83887 0.00179174 -2.64897 0.981476 -1.99623 1.18346 -1.1476 0.790638 
-23.8085 0.402342 2.97354 -4.95168 -2.33346 -5.23412 0.392658 -2.33414 -0.0585321 -1.87996 -0.692849 -0.769581 -0.625745 
-27.7488 -2.18491 -0.569696 -7.5032 -3.23541 -6.29811 -0.123076 -2.0625 0.270166 -2.57277 -0.27289 -1.1232 1.06042 
-24.0858 -0.145252 4.99683 -3.66985 -2.24809 -3.04727 0.504689 -3.07651 0.0729613 -0.994338 -0.199687 -0.947859 0.174346 
-26.2233 -0.327631 4.92722 -1.82968 2.11087 -2.56454 -1.43653 -3.70058 0.47889 -0.739659 -0.0188329 -1.32944 0.0495077 
-26.0194 -0.791315 2.16581 -4.43463 -1.17921 -6.13585 -0.672897 -3.3946 -0.981146 -1.70375 -0.933617 -1.06839 0.521641 
-26.6939 -1.08454 2.3488 -4.29887 -1.5505 -4.33076 2.37825 -1.48354 1.13369 -1.66358 -1.70964 -0.499273 0.703244 
-24.3597 -0.274282 3.95396 -2.33105 -2.49202 -4.52895 -0.202956 -2.71345 2.18797 -2.53242 -0.538333 -1.57828 0.947565 
-25.502 2.52481 5.52822 -5.54798 -1.89454 -4.41974 1.50417 -2.42748 -2.04697 -2.00165 0.213815 -0.674073 0.0198404 
-22.6414 0.221218 4.39065 -3.26297 0.145564 -2.49968 -0.957205 -2.25879 -0.81489 -2.94624 0.597382 -0.156959 0.856106 
-28.2803 -2.56434 3.93325 -5.9631 -4.73974 -4.91241 -0.760239 -4.00111 -0.939634 -1.49873 -0.16008 -1.23899 -1.10069 
-30.9232 -1.24173 2.07808 -4.8146 -1.2079 -6.0252 1.14709 -2.5882 -0.303873 -2.49331 0.00999419 -0.95847 0.219919 
-32.164 -2.85559 1.49977 -5.65158 -2.43089 -6.37595 0.545829 -3.27432 -1.8716 -3.76737 0.213904 -0.328292 -0.0826962 
-27.4353 -1.22387 4.1399 -6.11418 -3.5569 -2.36498 0.268718 -3.77209 -0.0466905 -2.2052 -0.0496119 -1.15725 0.0768379 
-54.9281 -6.12686 2.77819 -10.0432 -2.49385 -6.04084 0.336708 -6.40353 -0.296936 -3.95072 -0.0265852 -1.67585 -0.222173 
-31.029 -3.52974 -1.77082 -5.82484 -1.11011 -7.03613 -0.373715 -3.31894 -0.32397 -3.28696 -0.512918 -1.38097 0.519512 
-28.5878 -3.32893 -0.871755 -5.50135 -0.104685 -5.317 -1.04623 -3.13847 0.319695 -1.15174 0.528594 -0.941315 -0.157021 
-35.3758 -4.67393 -1.24621 -6.50947 -1.66712 -6.07831 -0.712262 -5.23503 -0.488167 -3.81462 -0.943122 -2.48545 -0.4044 
-26.8196 -2.31988 1.23933 -3.18549 -2.19471 -6.26183 -0.947993 -4.00083 1.05046 -2.16604 -0.522285 -1.33023 0.290339 
-33.0946 -2.89335 0.686283 -6.8421 -0.828848 -3.0497 -0.351785 -3.96117 1.07925 -3.02887 0.487938 -1.06309 0.196944 
-45.1172 -5.75125 -0.222557 -8.17666 -0.494348 -5.45647 -0.603202 -5.07153 0.284455 -3.79841 0.248148 -1.68587 0.310518 
-50.7496 -6.33447 0.606961 -8.00618 -0.847957 -7.46378 0.425817 -5.50041 -0.755396 -3.69836 -0.319645 -2.03213 -0.0761643 
-26.9339 -1.48231 1.03035 -3.79939 1.29759 -5.97337 -0.79111 -2.75968 -0.333157 -0.796421 -0.818696 -1.37393 -0.660272 
-32.2818 -7.08636 -2.28768 -5.01118 -0.701545 -4.28486 -0.00270021 -3.37566 -0.178003 -3.07758 -0.241418 -0.879654 0.383371 
-38.4505 -8.89381 -2.34774 -5.49738 -1.07366 -5.75398 -1.46681 -5.19911 -0.530969 -2.83627 -0.0685928 -1.57871 0.258978 
-28.9959 -3.6649 -0.122661 -6.09172 0.0592217 -3.31411 -1.02424 -3.32409 -0.410166 -2.40731 -0.244074 -1.06299 0.0990258 
-47.4659 -12.0588 -2.61149 -8.2244 -2.85755 -7.50065 -2.50825 -5.48354 -0.72929 -2.66268 -0.112865 -2.0732 -0.60578 
-72.0772 -15.278 -2.28506 -11.0269 -1.72314 -9.57989 -1.39649 -7.74253 -1.11329 -5.48371 -0.649949 -2.7363 -0.0605391 
-193.719 -34.7772 -2.17315 -28.5353 -1.99852 -24.8187 -1.71389 -19.9761 -1.37933 -14.0432 -0.822291 -7.14115 -0.119716 
-260.401 -44.961 -2.17315 -38.1273 -1.99852 -33.2614 -1.71389 -26.7788 -1.37933 -18.8106 -0.822291 -9.59621 -0.119716 
-327.082 -55.1449 -2.17315 -47.7193 -1.99852 -41.7041 -1.71389 -33.5816 -1.37933 -23.5781 -0.822291 -12.0513 -0.119716 
-393.763 -65.3288 -2.17315 -57.3114 -1.99852 -50.1468 -1.71389 -40.3843 -1.37933 -28.3455 -0.822291 -14.5063 -0.119716 
-460.445 -75.5126 -2.17315 -66.9034 -1.99852 -58.5895 -1.71389 -47.1871 -1.37933 -33.1129 -0.822291 -16.9614 -0.119716 
-527.126 -85.6965 -2.17315 -76.4954 -1.99852 -67.0322 -1.71389 -53.9898 -1.37933 -37.8804 -0.822291 -19.4164 -0.119716 
-593.807 -95.8804 -2.17315 -86.0874 -1.99852 -75.4749 -1.71389 -60.7926 -1.37933 -42.6478 -0.822291 -21.8715 -0.119716 
-660.488 -106.064 -2.17315 -95.6794 -1.99852 -83.9176 -1.71389 -67.5953 -1.37933 -47.4152 -0.822291 -24.3266 -0.119716 
-727.17 -116.248 -2.17315 -105.271 -1.99852 -92.3603 -1.71389 -74.3981 -1.37933 -52.1827 -0.822291 -26.7816 -0.119716 
-793.851 -126.432 -2.17315 -114.863 -1.99852 -100.803 -1.71389 -81.2008 -1.37933 -56.9501 -0.822291 -29.2367 -0.119716 
-860.532 -136.616 -2.17315 -124.455 -1.99852 -109.246 -1.71389 -88.0036 -1.37933 -61.7176 -0.822291 -31.6917 -0.119716 
-927.213 -146.8 -2.17315 -134.047 -1.99852 -117.688 -1.71389 -94.8063 -1.37933 -66.485 -0.822291 -34.1468 -0.119716 
-993.895 -156.984 -2.17315 -143.639 -1.99852 -126.131 -1.71389 -101.609 -1.37933 -71.2524 -0.822291 -36.6018 -0.119716 
-1060.58 -167.167 -2.17315 -153.231 -1.99852 -134.574 -1.71389 -108.412 -1.37933 -76.0199 -0.822291 -39.0569 -0.119716 
-1127.26 -177.351 -2.17315 -162.823 -1.99852 -143.017 -1.71389 -115.215 -1.37933 -80.7873 -0.822291 -41.512 -0.119716 
-1193.94 -187.535 -2.17315 -172.416 -1.99852 -151.459 -1.71389 -122.017 -1.37933 -85.5547 -0.822291 -43.967 -0.119716 
-1260.62 -197.719 -2.17315 -182.008 -1.99852 -159.902 -1.71389 -128.82 -1.37933 -90.3222 -0.822291 -46.4221 -0.119716 
-1327.3 -207.903 -2.17315 -191.6 -1.99852 -168.345 -1.71389 -135.623 -1.37933 -95.0896 -0.822291 -48.8771 -0.119716 
-38.4747 -9.36116 -0.435785 -3.85983 -0.699602 -4.72768 0.695664 -3.24765 -1.46057 -3.5075 -0.398753 -0.84648 -0.402981 
-16.5342 -1.03487 3.17402 1.14309 -0.782883 -3.03191 -0.409183 -2.59218 1.20584 -1.80898 0.582668 -0.955248 0.42496 
-24.1387 -0.271529 6.83144 0.648015 1.19576 -2.05209 -0.0750628 -2.32538 -0.345101 -2.27371 1.17387 -0.790234 0.60826 
-25.6115 -5.28618 0.292815 -4.01686 -2.96229 -5.73593 -2.11012 -4.27599 -1.82024 -2.26706 -0.298722 -0.937832 0.217706 
-25.7376 -2.93257 2.49891 -2.20958 -0.356342 -2.16477 2.17435 -3.44155 -1.6448 -1.84829 -0.238287 -0.983624 0.117083 
-29.5325 -6.44163 -1.7978 -2.83811 1.88691 -4.36483 -1.675 -4.10718 -2.01748 -2.29037 0.81827 -1.80641 0.745851 
-36.5657 -10.3369 -2.15837 -4.34051 0.895569 -2.31051 -1.57501 -4.55959 -0.434464 -3.86611 -0.482774 -0.725971 -0.274197 
-41.4671 -11.4784 -2.33942 -6.44198 -1.88387 -5.54983 -1.46313 -4.36566 -1.2205 -3.45267 -1.25073 -1.78827 -0.0652795 
-47.9553 -12.3014 -1.9888 -7.43097 -1.85043 -6.17748 -1.46623 -5.05483 -1.31433 -3.59744 -0.736539 -1.77951 -0.339781 
-78.2636 -17.0318 -2.00371 -11.8533 -2.02727 -10.5214 -2.07748 -8.25008 -1.17853 -5.86397 -1.02712 -2.69686 -0.247699 
-145.567 -27.4231 -2.17315 -21.6086 -1.99852 -18.7219 -1.71389 -15.0636 -1.37933 -10.6005 -0.822291 -5.36827 -0.119716 
-212.248 -37.6069 -2.17315 -31.2006 -1.99852 -27.1646 -1.71389 -21.8663 -1.37933 -15.3679 -0.822291 -7.82333 -0.119716 
-278.929 -47.7908 -2.17315 -40.7926 -1.99852 -35.6073 -1.71389 -28.6691 -1.37933 -20.1353 -0.822291 -10.2784 -0.119716 
-345.61 -57.9747 -2.17315 -50.3846 -1.99852 -44.05 -1.71389 -35.4718 -1.37933 -24.9028 -0.822291 -12.7334 -0.119716 
-412.292 -68.1585 -2.17315 -59.9766 -1.99852 -52.4927 -1.71389 -42.2746 -1.37933 -29.6702 -0.822291 -15.1885 -0.119716 
-478.973 -78.3424 -2.17315 -69.5687 -1.99852 -60.9354 -1.71389 -49.0773 -1.37933 -34.4376 -0.822291 -17.6436 -0.119716 
-545.654 -88.5262 -2.17315 -79.1607 -1.99852 -69.3782 -1.71389 -55.8801 -1.37933 -39.2051 -0.822291 -20.0986 -0.119716 
-612.336 -98.7101 -2.17315 -88.7527 -1.99852 -77.8209 -1.71389 -62.6828 -1.37933 -43.9725 -0.822291 -22.5537 -0.119716 
-679.017 -108.894 -2.17315 -98.3447 -1.99852 -86.2636 -1.71389 -69.4856 -1.37933 -48.7399 -0.822291 -25.0087 -0.119716 
-745.698 -119.078 -2.17315 -107.937 -1.99852 -94.7063 -1.71389 -76.2883 -1.37933 -53.5074 -0.822291 -27.4638 -0.119716 
-812.379 -129.262 -2.17315 -117.529 -1.99852 -103.149 -1.71389 -83.0911 -1.37933 -58.2748 -0.822291 -29.9188 -0.119716 
-879.061 -139.446 -2.17315 -127.121 -1.99852 -111.592 -1.71389 -89.8938 -1.37933 -63.0423 -0.822291 -32.3739 -0.119716 
-945.742 -149.629 -2.17315 -136.713 -1.99852 -120.034 -1.71389 -96.6966 -1.37933 -67.8097 -0.822291 -34.829 -0.119716 
-1012.42 -159.813 -2.17315 -146.305 -1.99852 -128.477 -1.71389 -103.499 -1.37933 -72.5771 -0.822291 -37.284 -0.119716 
-1079.1 -169.997 -2.17315 -155.897 -1.99852 -136.92 -1.71389 -110.302 -1.37933 -77.3446 -0.822291 -39.7391 -0.119716 
-1145.79 -180.181 -2.17315 -165.489 -1.99852 -145.363 -1.71389 -117.105 -1.37933 -82.112 -0.822291 -42.1941 -0.119716 
-1212.47 -190.365 -2.17315 -175.081 -1.99852 -153.805 -1.71389 -123.908 -1.37933 -86.8794 -0.822291 -44.6492 -0.119716 
-1279.15 -200.549 -2.17315 -184.673 -1.99852 -162.248 -1.71389 -130.71 -1.37933 -91.6469 -0.822291 -47.1043 -0.119716 
-1345.83 -210.733 -2.17315 -194.265 -1.99852 -170.691 -1.71389 -137.513 -1.37933 -96.4143 -0.822291 -49.5593 -0.119716 
-1412.51 -220.916 -2.17315 -203.857 -1.99852 -179.133 -1.71389 -144.316 -1.37933 -101.182 -0.822291 -52.0144 -0.119716 
-1479.19 -231.1 -2.17315 -213.449 -1.99852 -187.576 -1.71389 -151.119 -1.37933 -105.949 -0.822291 -54.4694 -0.119716 
-1545.87 -241.284 -2.17315 -223.041 -1.99852 -196.019 -1.71389 -157.921 -1.37933 -110.717 -0.822291 -56.9245 -0.119716 
-1612.55 -251.468 -2.17315 -232.633 -1.99852 -204.462 -1.71389 -164.724 -1.37933 -115.484 -0.822291 -59.3795 -0.119716 
-1679.24 -261.652 -2.17315 -242.225 -1.99852 -212.904 -1.71389 -171.527 -1.37933 -120.251 -0.822291 -61.8346 -0.119716 
-1745.92 -271.836 -2.17315 -251.817 -1.99852 -221.347 -1.71389 -178.33 -1.37933 -125.019 -0.822291 -64.2897 -0.119716 
-1812.6 -282.02 -2.17315 -261.409 -1.99852 -229.79 -1.71389 -185.132 -1.37933 -129.786 -0.822291 -66.7447 -0.119716 
-1879.28 -292.203 -2.17315 -271.001 -1.99852 -238.232 -1.71389 -191.935 -1.37933 -134.554 -0.822291 -69.1998 -0.119716 
-1945.96 -302.387 -2.17315 -280.593 -1.99852 -246.675 -1.71389 -198.738 -1.37933 -139.321 -0.822291 -71.6548 -0.119716 
-2012.64 -312.571 -2.17315 -290.185 -1.99852 -255.118 -1.71389 -205.541 -1.37933 -144.089 -0.822291 -74.1099 -0.119716 
-2079.32 -322.755 -2.17315 -299.777 -1.99852 -263.56 -1.71389 -212.343 -1.37933 -148.856 -0.822291 -76.5649 -0.119716 
-2146.01 -332.939 -2.17315 -309.369 -1.99852 -272.003 -1.71389 -219.146 -1.37933 -153.624 -0.822291 -79.02 -0.119716 
-2212.69 -343.123 -2.17315 -318.961 -1.99852 -280.446 -1.71389 -225.949 -1.37933 -158.391 -0.822291 -81.4751 -0.119716 
-2279.37 -353.307 -2.17315 -328.553 -1.99852 -288.889 -1.71389 -232.752 -1.37933 -163.158 -0.822291 -83.9301 -0.119716 
-2346.05 -363.491 -2.17315 -338.145 -1.99852 -297.331 -1.71389 -239.554 -1.37933 -167.926 -0.822291 -86.3852 -0.119716 
-2412.73 -373.674 -2.17315 -347.737 -1.99852 -305.774 -1.71389 -246.357 -1.37933 -172.693 -0.822291 -88.8402 -0.119716 
-2479.41 -383.858 -2.17315 -357.329 -1.99852 -314.217 -1.71389 -253.16 -1.37933 -177.461 -0.822291 -91.2953 -0.119716 
-2546.09 -394.042 -2.17315 -366.921 -1.99852 -322.659 -1.71389 -259.963 -1.37933 -182.228 -0.822291 -93.7503 -0.119716 
-2612.77 -404.226 -2.17315 -376.513 -1.99852 -331.102 -1.71389 -266.765 -1.37933 -186.996 -0.822291 -96.2054 -0.119716 
-2679.46 -414.41 -2.17315 -386.105 -1.99852 -339.545 -1.71389 -273.568 -1.37933 -191.763 -0.822291 -98.6605 -0.119716 
-2746.14 -424.594 -2.17315 -395.697 -1.99852 -347.988 -1.71389 -280.371 -1.37933 -196.53 -0.822291 -101.116 -0.119716 
-2812.82 -434.778 -2.17315 -405.289 -1.99852 -356.43 -1.71389 -287.174 -1.37933 -201.298 -0.822291 -103.571 -0.119716 
-2879.5 -444.961 -2.17315 -414.881 -1.99852 -364.873 -1.71389 -293.976 -1.37933 -206.065 -0.822291 -106.026 -0.119716 
-18.6071 -6.40096 -2.38359 -4.48984 -3.28442 -1.52526 -1.23503 -4.07224 -0.23774 -2.15711 -0.501881 -1.02029 0.0735379 
-18.0475 -2.43241 1.23763 -2.71059 1.95517 0.880152 -0.997446 -2.98257 0.00521793 -1.27125 -0.107888 -0.290259 0.0824057 
-23.6978 -0.184465 5.09554 -1.58312 2.56578 -1.38547 -0.324307 -2.48533 0.468798 -0.448311 -0.205361 -0.484977 -0.807031 
-26.1007 -3.59315 1.5654 -2.29325 1.8899 -1.74809 -0.756544 -3.99744 -1.375 -1.93653 0.935817 -0.279495 0.871607 
-28.7765 -1.77189 3.43634 -2.60241 3.15783 -2.84387 -0.587108 -2.28023 -0.537409 -1.49045 0.125599 -0.879259 0.0663851 
-30.1957 -2.23108 0.688452 -5.83155 -1.48313 -2.75761 0.813913 -4.76102 0.31843 -2.84965 0.175321 -1.65673 0.626771 
-60.5622 -5.98574 0.74471 -10.2783 -1.32315 -6.51852 0.485472 -8.10677 1.53049 -4.99316 0.401864 -2.65544 0.875155 
-128.83 -24.867 -2.17315 -19.201 -1.99852 -16.6028 -1.71389 -13.3561 -1.37933 -9.40385 -0.822291 -4.75206 -0.119716 
-195.511 -35.0508 -2.17315 -28.7931 -1.99852 -25.0455 -1.71389 -20.1589 -1.37933 -14.1713 -0.822291 -7.20712 -0.119716 
-262.192 -45.2347 -2.17315 -38.3851 -1.99852 -33.4882 -1.71389 -26.9616 -1.37933 -18.9387 -0.822291 -9.66218 -0.119716 
-328.874 -55.4186 -2.17315 -47.9771 -1.99852 -41.9309 -1.71389 -33.7644 -1.37933 -23.7062 -0.822291 -12.1172 -0.119716 
-395.555 -65.6024 -2.17315 -57.5691 -1.99852 -50.3737 -1.71389 -40.5671 -1.37933 -28.4736 -0.822291 -14.5723 -0.119716 
-462.236 -75.7863 -2.17315 -67.1611 -1.99852 -58.8164 -1.71389 -47.3699 -1.37933 -33.241 -0.822291 -17.0273 -0.119716 
-528.918 -85.9701 -2.17315 -76.7531 -1.99852 -67.2591 -1.71389 -54.1726 -1.37933 -38.0085 -0.822291 -19.4824 -0.119716 
-595.599 -96.154 -2.17315 -86.3451 -1.99852 -75.7018 -1.71389 -60.9754 -1.37933 -42.7759 -0.822291 -21.9375 -0.119716 
-662.28 -106.338 -2.17315 -95.9372 -1.99852 -84.1445 -1.71389 -67.7781 -1.37933 -47.5433 -0.822291 -24.3925 -0.119716 
-728.961 -116.522 -2.17315 -105.529 -1.99852 -92.5872 -1.71389 -74.5809 -1.37933 -52.3108 -0.822291 -26.8476 -0.119716 
-795.643 -126.706 -2.17315 -115.121 -1.99852 -101.03 -1.71389 -81.3836 -1.37933 -57.0782 -0.822291 -29.3026 -0.119716 
-862.324 -136.889 -2.17315 -124.713 -1.99852 -109.473 -1.71389 -88.1864 -1.37933 -61.8457 -0.822291 -31.7577 -0.119716 
-929.005 -147.073 -2.17315 -134.305 -1.99852 -117.915 -1.71389 -94.9891 -1.37933 -66.6131 -0.822291 -34.2128 -0.119716 
-995.687 -157.257 -2.17315 -143.897 -1.99852 -126.358 -1.71389 -101.792 -1.37933 -71.3805 -0.822291 -36.6678 -0.119716 
-1062.37 -167.441 -2.17315 -153.489 -1.99852 -134.801 -1.71389 -108.595 -1.37933 -76.148 -0.822291 -39.1229 -0.119716 
-1129.05 -177.625 -2.17315 -163.081 -1.99852 -143.243 -1.71389 -115.397 -1.37933 -80.9154 -0.822291 -41.5779 -0.119716 
-1195.73 -187.809 -2.17315 -172.673 -1.99852 -151.686 -1.71389 -122.2 -1.37933 -85.6828 -0.822291 -44.033 -0.119716 
-1262.41 -197.993 -2.17315 -182.265 -1.99852 -160.129 -1.71389 -129.003 -1.37933 -90.4503 -0.822291 -46.488 -0.119716 
-1329.09 -208.176 -2.17315 -191.857 -1.99852 -168.572 -1.71389 -135.806 -1.37933 -95.2177 -0.822291 -48.9431 -0.119716 
-1395.77 -218.36 -2.17315 -201.449 -1.99852 -177.014 -1.71389 -142.608 -1.37933 -99.9851 -0.822291 -51.3982 -0.119716 
-1462.46 -228.544 -2.17315 -211.041 -1.99852 -185.457 -1.71389 -149.411 -1.37933 -104.753 -0.822291 -53.8532 -0.119716 
-1529.14 -238.728 -2.17315 -220.633 -1.99852 -193.9 -1.71389 -156.214 -1.37933 -109.52 -0.822291 -56.3083 -0.119716 
-1595.82 -248.912 -2.17315 -230.225 -1.99852 -202.342 -1.71389 -163.017 -1.37933 -114.287 -0.822291 -58.7633 -0.119716 
-1662.5 -259.096 -2.17315 -239.817 -1.99852 -210.785 -1.71389 -169.819 -1.37933 -119.055 -0.822291 -61.2184 -0.119716 
-1729.18 -269.28 -2.17315 -249.409 -1.99852 -219.228 -1.71389 -176.622 -1.37933 -123.822 -0.822291 -63.6734 -0.119716 
-1795.86 -279.464 -2.17315 -259.001 -1.99852 -227.671 -1.71389 -183.425 -1.37933 -128.59 -0.822291 -66.1285 -0.119716 
-1862.54 -289.647 -2.17315 -268.593 -1.99852 -236.113 -1.71389 -190.228 -1.37933 -133.357 -0.822291 -68.5836 -0.119716 
-1929.22 -299.831 -2.17315 -278.185 -1.99852 -244.556 -1.71389 -197.03 -1.37933 -138.125 -0.822291 -71.0386 -0.119716 
-1995.91 -310.015 -2.17315 -287.777 -1.99852 -252.999 -1.71389 -203.833 -1.37933 -142.892 -0.822291 -73.4937 -0.119716 
-2062.59 -320.199 -2.17315 -297.369 -1.99852 -261.441 -1.71389 -210.636 -1.37933 -147.66 -0.822291 -75.9487 -0.119716 
-2129.27 -330.383 -2.17315 -306.961 -1.99852 -269.884 -1.71389 -217.439 -1.37933 -152.427 -0.822291 -78.4038 -0.119716 
-2195.95 -340.567 -2.17315 -316.553 -1.99852 -278.327 -1.71389 -224.241 -1.37933 -157.194 -0.822291 -80.8589 -0.119716 
-2262.63 -350.751 -2.17315 -326.145 -1.99852 -286.77 -1.71389 -231.044 -1.37933 -161.962 -0.822291 -83.3139 -0.119716 
-2329.31 -360.934 -2.17315 -335.737 -1.99852 -295.212 -1.71389 -237.847 -1.37933 -166.729 -0.822291 -85.769 -0.119716 
-2395.99 -371.118 -2.17315 -345.329 -1.99852 -303.655 -1.71389 -244.65 -1.37933 -171.497 -0.822291 -88.224 -0.119716 
-2462.67 -381.302 -2.17315 -354.921 -1.99852 -312.098 -1.71389 -251.452 -1.37933 -176.264 -0.822291 -90.6791 -0.119716 
-2529.36 -391.486 -2.17315 -364.514 -1.99852 -320.54 -1.71389 -258.255 -1.37933 -181.032 -0.822291 -93.1341 -0.119716 
-2596.04 -401.67 -2.17315 -374.106 -1.99852 -328.983 -1.71389 -265.058 -1.37933 -185.799 -0.822291 -95.5892 -0.119716 
-2662.72 -411.854 -2.17315 -383.698 -1.99852 -337.426 -1.71389 -271.861 -1.37933 -190.566 -0.822291 -98.0443 -0.119716 
-2729.4 -422.038 -2.17315 -393.29 -1.99852 -345.869 -1.71389 -278.663 -1.37933 -195.334 -0.822291 -100.499 -0.119716 
-2796.08 -432.221 -2.17315 -402.882 -1.99852 -354.311 -1.71389 -285.466 -1.37933 -200.101 -0.822291 -102.954 -0.119716 
-2862.76 -442.405 -2.17315 -412.474 -1.99852 -362.754 -1.71389 -292.269 -1.37933 -204.869 -0.822291 -105.409 -0.119716 
-2929.44 -452.589 -2.17315 -422.066 -1.99852 -371.197 -1.71389 -299.072 -1.37933 -209.636 -0.822291 -107.864 -0.119716 
-2996.13 -462.773 -2.17315 -431.658 -1.99852 -379.639 -1.71389 -305.874 -1.37933 -214.404 -0.822291 -110.32 -0.119716 
-3062.81 -472.957 -2.17315 -441.25 -1.99852 -388.082 -1.71389 -312.677 -1.37933 -219.171 -0.822291 -112.775 -0.119716 
-3129.49 -483.141 -2.17315 -450.842 -1.99852 -396.525 -1.71389 -319.48 -1.37933 -223.938 -0.822291 -115.23 -0.119716 
-64.1679 -8.79697 -2.53847 -10.4465 1.08442 -9.41928 0.39912 -7.48628 -0.450931 -4.58852 -0.751742 -1.99056 -0.108024 
-30.8464 -1.23933 2.86347 -3.11991 1.85607 -2.81401 1.22588 -2.46936 0.927956 -2.43746 -0.0442516 -1.18431 0.443034 
-30.5305 -1.20658 3.15488 -1.87687 3.02126 -1.72717 0.620743 -2.70069 1.57983 -3.16948 0.645012 -1.16463 0.161066 
-31.0021 -2.39549 1.95519 -2.60268 2.44109 -1.40736 3.10168 -1.88617 0.141797 -2.72685 -0.0913539 -2.3596 0.15671 
