607
13
No
George
-28.6686 -0.865869 2.51377 -2.87467 2.51837 -2.78235 0.608673 -3.55575 1.13721 -1.8293 -0.983972 0.448681 -0.223308 
-27.5176 -4.05547 1.93324 -2.39925 0.494514 -2.44833 0.879058 -2.3948 -0.728835 -2.09043 -0.34326 -2.00353 -0.0130113 
-41.0634 -5.79129 1.6487 -7.25336 -0.337085 -5.66271 -1.47752 -3.90885 -1.86322 -2.86614 -0.32193 -1.4169 0.443437 
-72.1042 -13.0184 0.253206 -11.8524 -1.01235 -8.81963 -1.84702 -6.84079 -1.00283 -5.29389 -0.555804 -2.51577 -0.089167 
-165.646 -30.4897 -2.17315 -24.497 -1.99852 -21.2642 -1.71389 -17.112 -1.37933 -12.036 -0.822291 -6.10754 -0.119716 
-232.327 -40.6735 -2.17315 -34.089 -1.99852 -29.7069 -1.71389 -23.9148 -1.37933 -16.8035 -0.822291 -8.5626 -0.119716 
-299.008 -50.8574 -2.17315 -43.681 -1.99852 -38.1496 -1.71389 -30.7175 -1.37933 -21.5709 -0.822291 -11.0177 -0.119716 
-365.69 -61.0413 -2.17315 -53.273 -1.99852 -46.5923 -1.71389 -37.5203 -1.37933 -26.3384 -0.822291 -13.4727 -0.119716 
-432.371 -71.2251 -2.17315 -62.865 -1.99852 -55.035 -1.71389 -44.323 -1.37933 -31.1058 -0.822291 -15.9278 -0.119716 
-499.052 -81.409 -2.17315 -72.457 -1.99852 -63.4777 -1.71389 -51.1258 -1.37933 -35.8732 -0.822291 -18.3828 -0.119716 
-565.734 -91.5928 -2.17315 -82.0491 -1.99852 -71.9205 -1.71389 -57.9285 -1.37933 -40.6407 -0.822291 -20.8379 -0.119716 
-632.415 -101.777 -2.17315 -91.6411 -1.99852 -80.3632 -1.71389 -64.7313 -1.37933 -45.4081 -0.822291 -23.2929 -0.119716 
-699.096 -111.961 -2.17315 -101.233 -1.99852 -88.8059 -1.71389 -71.534 -1.37933 -50.1755 -0.822291 -25.748 -0.119716 
-765.777 -122.144 -2.17315 -110.825 -1.99852 -97.2486 -1.71389 -78.3368 -1.37933 -54.943 -0.822291 -28.2031 -0.119716 
-832.459 -132.328 -2.17315 -120.417 -1.99852 -105.691 -1.71389 -85.1395 -1.37933 -59.7104 -0.822291 -30.6581 -0.119716 
-899.14 -142.512 -2.17315 -130.009 -1.99852 -114.134 -1.71389 -91.9423 -1.37933 -64.4778 -0.822291 -33.1132 -0.119716 
-965.821 -152.696 -2.17315 -139.601 -1.99852 -122.577 -1.71389 -98.745 -1.37933 -69.2453 -0.822291 -35.5682 -0.119716 
-1032.5 -162.88 -2.17315 -149.193 -1.99852 -131.019 -1.71389 -105.548 -1.37933 -74.0127 -0.822291 -38.0233 -0.119716 
-1099.18 -173.064 -2.17315 -158.785 -1.99852 -139.462 -1.71389 -112.351 -1.37933 -78.7802 -0.822291 -40.4784 -0.119716 
-1165.87 -183.248 -2.17315 -168.377 -1.99852 -147.905 -1.71389 -119.153 -1.37933 -83.5476 -0.822291 -42.9334 -0.119716 
-45.4072 -11.8589 -2.11046 -7.39615 -2.32275 -6.37678 -1.43611 -4.90229 -1.62763 -3.34952 -0.865142 -1.65272 -0.192344 
-59.5196 -13.9853 -2.10657 -9.15265 -1.83374 -7.77158 -1.52967 -6.21443 -1.15896 -4.32825 -0.693669 -2.18158 -0.110789 
-98.1855 -20.1868 -2.17315 -14.7929 -1.99852 -12.7228 -1.71389 -10.2298 -1.37933 -7.2129 -0.822291 -3.6238 -0.119716 
-164.867 -30.3707 -2.17315 -24.3849 -1.99852 -21.1655 -1.71389 -17.0326 -1.37933 -11.9803 -0.822291 -6.07886 -0.119716 
-231.548 -40.5545 -2.17315 -33.9769 -1.99852 -29.6082 -1.71389 -23.8353 -1.37933 -16.7478 -0.822291 -8.53392 -0.119716 
-298.229 -50.7384 -2.17315 -43.5689 -1.99852 -38.051 -1.71389 -30.6381 -1.37933 -21.5152 -0.822291 -10.989 -0.119716 
-364.911 -60.9223 -2.17315 -53.1609 -1.99852 -46.4937 -1.71389 -37.4408 -1.37933 -26.2826 -0.822291 -13.444 -0.119716 
-431.592 -71.1061 -2.17315 -62.753 -1.99852 -54.9364 -1.71389 -44.2436 -1.37933 -31.0501 -0.822291 -15.8991 -0.119716 
-498.273 -81.29 -2.17315 -72.345 -1.99852 -63.3791 -1.71389 -51.0463 -1.37933 -35.8175 -0.822291 -18.3541 -0.119716 
-564.954 -91.4738 -2.17315 -81.937 -1.99852 -71.8218 -1.71389 -57.849 -1.37933 -40.585 -0.822291 -20.8092 -0.119716 
-631.636 -101.658 -2.17315 -91.529 -1.99852 -80.2645 -1.71389 -64.6518 -1.37933 -45.3524 -0.822291 -23.2643 -0.119716 
-698.317 -111.842 -2.17315 -101.121 -1.99852 -88.7072 -1.71389 -71.4545 -1.37933 -50.1198 -0.822291 -25.7193 -0.119716 
-764.998 -122.025 -2.17315 -110.713 -1.99852 -97.1499 -1.71389 -78.2573 -1.37933 -54.8873 -0.822291 -28.1744 -0.119716 
-831.68 -132.209 -2.17315 -120.305 -1.99852 -105.593 -1.71389 -85.06 -1.37933 -59.6547 -0.822291 -30.6294 -0.119716 
-898.361 -142.393 -2.17315 -129.897 -1.99852 -114.035 -1.71389 -91.8628 -1.37933 -64.4221 -0.822291 -33.0845 -0.119716 
-965.042 -152.577 -2.17315 -139.489 -1.99852 -122.478 -1.71389 -98.6655 -1.37933 -69.1896 -0.822291 -35.5396 -0.119716 
-1031.72 -162.761 -2.17315 -149.081 -1.99852 -130.921 -1.71389 -105.468 -1.37933 -73.957 -0.822291 -37.9946 -0.119716 
-1098.4 -172.945 -2.17315 -158.673 -1.99852 -139.363 -1.71389 -112.271 -1.37933 -78.7245 -0.822291 -40.4497 -0.119716 
-47.4859 -9.20454 -1.24034 -7.92737 0.96066 -6.15251 -1.69651 -3.8685 -1.35755 -3.33769 -0.261307 -2.18674 -0.186259 
-43.9409 -13.4216 -1.44592 -4.96069 0.012879 -5.01475 -2.25166 -3.78257 -1.72565 -3.01688 -1.0095 -1.61383 0.00748774 
-43.3515 -9.75566 2.47989 -4.63377 -0.0905264 -5.59534 -2.6744 -4.02737 -1.20777 -2.01164 -0.704145 -0.868258 -1.24158 
-41.0512 -9.67953 1.18557 -6.60123 -1.93134 -5.44036 -2.68676 -3.71399 -1.10332 -2.45734 -1.33997 -1.43086 -0.06784 
-43.6235 -13.0655 0.827341 -8.37525 -1.52809 -2.82439 -3.22853 -3.73113 -2.8316 -2.62514 -1.54956 -0.626849 -0.279518 
-53.7099 -19.1976 -2.05413 -8.56959 -3.1517 -6.11637 -4.27079 -4.84759 -3.07055 -3.45829 -2.11706 -1.79914 -0.202544 
-51.941 -15.1004 -1.34897 -7.59916 -2.73348 -7.08691 -4.27565 -6.87536 -2.11146 -3.4217 -1.74537 -2.5761 0.21122 
-43.1234 -11.1631 -0.181618 -8.77232 -1.65591 -4.61524 -2.70453 -4.24952 -3.20118 -2.51537 -1.13305 -1.75064 -0.324856 
-57.207 -19.3631 -3.22106 -9.87242 -4.61659 -7.39747 -3.81985 -5.95705 -2.68021 -3.37316 -1.07345 -2.40646 -0.443085 
-48.8145 -16.7382 -2.9989 -9.31363 -3.33795 -6.25856 -4.10102 -5.21644 -3.74728 -3.81441 -1.64412 -1.27111 0.371162 
-39.9189 -9.95001 -0.00253527 -6.54522 -1.33924 -3.71116 -1.70923 -5.81994 -1.78375 -1.46307 -1.10475 -0.907664 0.200045 
-48.0318 -16.2621 -5.55521 -9.76668 -3.78278 -6.14697 -2.0239 -5.91407 -2.23726 -3.09925 -1.36928 -1.69923 -0.602168 
-45.6322 -14.697 -1.18732 -7.29125 -2.70407 -5.21738 -1.96828 -4.08413 -2.96202 -2.10622 -1.08361 -2.1499 0.00638616 
-44.2321 -14.7341 -2.29864 -8.65944 -2.12047 -5.58507 -4.18834 -4.30653 -3.84331 -3.12237 -1.0121 -1.3624 -0.415294 
-47.3854 -14.8466 -2.95851 -7.28947 -2.06351 -6.05848 -3.26253 -6.24247 -1.86539 -3.02192 -1.72606 -1.67929 0.167376 
-55.4978 -14.5649 -3.34695 -9.46094 -1.3902 -7.23667 -1.89108 -5.57414 -1.74984 -3.58534 -1.20683 -2.07185 -0.430091 
-48.3553 -14.1738 -2.10514 -7.09157 -2.41853 -6.75641 -2.87246 -4.99924 -1.34914 -3.97226 -1.30217 -1.35657 -0.049665 
-47.8307 -11.8478 -1.02686 -7.19807 -0.585808 -4.68162 -3.47909 -4.95002 0.266855 -5.2122 -0.682319 -0.695571 -0.748215 
-81.1511 -18.6032 -2.18319 -9.40594 2.33081 -7.07559 -3.59786 -9.57591 -0.638686 -7.6736 0.463362 -2.13935 0.0796762 
-119.466 -23.4369 -2.17315 -17.8541 -1.99852 -15.4173 -1.71389 -12.4009 -1.37933 -8.73441 -0.822291 -4.40732 -0.119716 
-186.148 -33.6208 -2.17315 -27.4462 -1.99852 -23.86 -1.71389 -19.2036 -1.37933 -13.5018 -0.822291 -6.86238 -0.119716 
-47.2198 -12.3777 -2.13699 -7.4141 -1.89823 -6.14412 -1.61749 -5.06337 -1.3344 -3.41004 -0.755686 -1.634 -0.0607766 
-168.559 -31.1741 -2.15086 -24.9162 -2.06953 -21.5912 -1.79237 -17.3641 -1.44381 -12.2108 -0.866738 -6.19765 -0.134004 
-151.167 -28.2784 -2.17315 -22.4142 -1.99852 -19.431 -1.71389 -15.6349 -1.37933 -11.0009 -0.822291 -5.57447 -0.119716 
-217.848 -38.4623 -2.17315 -32.0063 -1.99852 -27.8737 -1.71389 -22.4377 -1.37933 -15.7683 -0.822291 -8.02953 -0.119716 
-284.53 -48.6461 -2.17315 -41.5983 -1.99852 -36.3164 -1.71389 -29.2404 -1.37933 -20.5358 -0.822291 -10.4846 -0.119716 
-351.211 -58.83 -2.17315 -51.1903 -1.99852 -44.7591 -1.71389 -36.0432 -1.37933 -25.3032 -0.822291 -12.9396 -0.119716 
-417.892 -69.0139 -2.17315 -60.7823 -1.99852 -53.2018 -1.71389 -42.8459 -1.37933 -30.0706 -0.822291 -15.3947 -0.119716 
-484.574 -79.1977 -2.17315 -70.3743 -1.99852 -61.6446 -1.71389 -49.6487 -1.37933 -34.8381 -0.822291 -17.8498 -0.119716 
-551.255 -89.3816 -2.17315 -79.9663 -1.99852 -70.0873 -1.71389 -56.4514 -1.37933 -39.6055 -0.822291 -20.3048 -0.119716 
-617.936 -99.5655 -2.17315 -89.5583 -1.99852 -78.53 -1.71389 -63.2542 -1.37933 -44.3729 -0.822291 -22.7599 -0.119716 
-684.617 -109.749 -2.17315 -99.1503 -1.99852 -86.9727 -1.71389 -70.0569 -1.37933 -49.1404 -0.822291 -25.2149 -0.119716 
-751.299 -119.933 -2.17315 -108.742 -1.99852 -95.4154 -1.71389 -76.8597 -1.37933 -53.9078 -0.822291 -27.67 -0.119716 
-817.98 -130.117 -2.17315 -118.334 -1.99852 -103.858 -1.71389 -83.6624 -1.37933 -58.6752 -0.822291 -30.125 -0.119716 
-884.661 -140.301 -2.17315 -127.926 -1.99852 -112.301 -1.71389 -90.4652 -1.37933 -63.4427 -0.822291 -32.5801 -0.119716 
-951.343 -150.485 -2.17315 -137.518 -1.99852 -120.744 -1.71389 -97.2679 -1.37933 -68.2101 -0.822291 -35.0352 -0.119716 
-1018.02 -160.669 -2.17315 -147.11 -1.99852 -129.186 -1.71389 -104.071 -1.37933 -72.9776 -0.822291 -37.4902 -0.119716 
-1084.71 -170.852 -2.17315 -156.702 -1.99852 -137.629 -1.71389 -110.873 -1.37933 -77.745 -0.822291 -39.9453 -0.119716 
-1151.39 -181.036 -2.17315 -166.294 -1.99852 -146.072 -1.71389 -117.676 -1.37933 -82.5124 -0.822291 -42.4003 -0.119716 
-1218.07 -191.22 -2.17315 -175.886 -1.99852 -154.514 -1.71389 -124.479 -1.37933 -87.2799 -0.822291 -44.8554 -0.119716 
-1284.75 -201.404 -2.17315 -185.478 -1.99852 -162.957 -1.71389 -131.282 -1.37933 -92.0473 -0.822291 -47.3105 -0.119716 
-1351.43 -211.588 -2.17315 -195.07 -1.99852 -171.4 -1.71389 -138.084 -1.37933 -96.8147 -0.822291 -49.7655 -0.119716 
-1418.11 -221.772 -2.17315 -204.662 -1.99852 -179.843 -1.71389 -144.887 -1.37933 -101.582 -0.822291 -52.2206 -0.119716 
-1484.79 -231.956 -2.17315 -214.254 -1.99852 -188.285 -1.71389 -151.69 -1.37933 -106.35 -0.822291 -54.6756 -0.119716 
-1551.47 -242.14 -2.17315 -223.847 -1.99852 -196.728 -1.71389 -158.493 -1.37933 -111.117 -0.822291 -57.1307 -0.119716 
-1618.16 -252.323 -2.17315 -233.439 -1.99852 -205.171 -1.71389 -165.295 -1.37933 -115.884 -0.822291 -59.5857 -0.119716 
-1684.84 -262.507 -2.17315 -243.031 -1.99852 -213.613 -1.71389 -172.098 -1.37933 -120.652 -0.822291 -62.0408 -0.119716 
-1751.52 -272.691 -2.17315 -252.623 -1.99852 -222.056 -1.71389 -178.901 -1.37933 -125.419 -0.822291 -64.4959 -0.119716 
-1818.2 -282.875 -2.17315 -262.215 -1.99852 -230.499 -1.71389 -185.704 -1.37933 -130.187 -0.822291 -66.9509 -0.119716 
-1884.88 -293.059 -2.17315 -271.807 -1.99852 -238.941 -1.71389 -192.506 -1.37933 -134.954 -0.822291 -69.406 -0.119716 
-1951.56 -303.243 -2.17315 -281.399 -1.99852 -247.384 -1.71389 -199.309 -1.37933 -139.722 -0.822291 -71.861 -0.119716 
-2018.24 -313.427 -2.17315 -290.991 -1.99852 -255.827 -1.71389 -206.112 -1.37933 -144.489 -0.822291 -74.3161 -0.119716 
-2084.92 -323.61 -2.17315 -300.583 -1.99852 -264.27 -1.71389 -212.915 -1.37933 -149.257 -0.822291 -76.7711 -0.119716 
-2151.61 -333.794 -2.17315 -310.175 -1.99852 -272.712 -1.71389 -219.717 -1.37933 -154.024 -0.822291 -79.2262 -0.119716 
-2218.29 -343.978 -2.17315 -319.767 -1.99852 -281.155 -1.71389 -226.52 -1.37933 -158.791 -0.822291 -81.6813 -0.119716 
-2284.97 -354.162 -2.17315 -329.359 -1.99852 -289.598 -1.71389 -233.323 -1.37933 -163.559 -0.822291 -84.1363 -0.119716 
-2351.65 -364.346 -2.17315 -338.951 -1.99852 -298.04 -1.71389 -240.126 -1.37933 -168.326 -0.822291 -86.5914 -0.119716 
-2418.33 -374.53 -2.17315 -348.543 -1.99852 -306.483 -1.71389 -246.928 -1.37933 -173.094 -0.822291 -89.0464 -0.119716 
-2485.01 -384.714 -2.17315 -358.135 -1.99852 -314.926 -1.71389 -253.731 -1.37933 -177.861 -0.822291 -91.5015 -0.119716 
-2551.69 -394.897 -2.17315 -367.727 -1.99852 -323.369 -1.71389 -260.534 -1.37933 -182.629 -0.822291 -93.9566 -0.119716 
-2618.37 -405.081 -2.17315 -377.319 -1.99852 -331.811 -1.71389 -267.337 -1.37933 -187.396 -0.822291 -96.4116 -0.119716 
-2685.06 -415.265 -2.17315 -386.911 -1.99852 -340.254 -1.71389 -274.139 -1.37933 -192.163 -0.822291 -98.8667 -0.119716 
-2751.74 -425.449 -2.17315 -396.503 -1.99852 -348.697 -1.71389 -280.942 -1.37933 -196.931 -0.822291 -101.322 -0.119716 
-2818.42 -435.633 -2.17315 -406.095 -1.99852 -357.139 -1.71389 -287.745 -1.37933 -201.698 -0.822291 -103.777 -0.119716 
-2885.1 -445.817 -2.17315 -415.687 -1.99852 -365.582 -1.71389 -294.548 -1.37933 -206.466 -0.822291 -106.232 -0.119716 
-2951.78 -456.001 -2.17315 -425.279 -1.99852 -374.025 -1.71389 -301.35 -1.37933 -211.233 -0.822291 -108.687 -0.119716 
-3018.46 -466.184 -2.17315 -434.871 -1.99852 -382.468 -1.71389 -308.153 -1.37933 -216.001 -0.822291 -111.142 -0.119716 
-3085.14 -476.368 -2.17315 -444.463 -1.99852 -390.91 -1.71389 -314.956 -1.37933 -220.768 -0.822291 -113.597 -0.119716 
-3151.82 -486.552 -2.17315 -454.055 -1.99852 -399.353 -1.71389 -321.759 -1.37933 -225.536 -0.822291 -116.052 -0.119716 
-3218.51 -496.736 -2.17315 -463.647 -1.99852 -407.796 -1.71389 -328.561 -1.37933 -230.303 -0.822291 -118.507 -0.119716 
-3285.19 -506.92 -2.17315 -473.239 -1.99852 -416.238 -1.71389 -335.364 -1.37933 -235.07 -0.822291 -120.962 -0.119716 
-3351.87 -517.104 -2.17315 -482.831 -1.99852 -424.681 -1.71389 -342.167 -1.37933 -239.838 -0.822291 -123.417 -0.119716 
-3418.55 -527.288 -2.17315 -492.423 -1.99852 -433.124 -1.71389 -348.97 -1.37933 -244.605 -0.822291 -125.872 -0.119716 
-3485.23 -537.472 -2.17315 -502.015 -1.99852 -441.567 -1.71389 -355.772 -1.37933 -249.373 -0.822291 -128.327 -0.119716 
-3551.91 -547.655 -2.17315 -511.607 -1.99852 -450.009 -1.71389 -362.575 -1.37933 -254.14 -0.822291 -130.782 -0.119716 
-3618.59 -557.839 -2.17315 -521.199 -1.99852 -458.452 -1.71389 -369.378 -1.37933 -258.908 -0.822291 -133.237 -0.119716 
-3685.28 -568.023 -2.17315 -530.791 -1.99852 -466.895 -1.71389 -376.181 -1.37933 -263.675 -0.822291 -135.693 -0.119716 
-3751.96 -578.207 -2.17315 -540.383 -1.99852 -475.337 -1.71389 -382.983 -1.37933 -268.442 -0.822291 -138.148 -0.119716 
-3818.64 -588.391 -2.17315 -549.975 -1.99852 -483.78 -1.71389 -389.786 -1.37933 -273.21 -0.822291 -140.603 -0.119716 
-3885.32 -598.575 -2.17315 -559.567 -1.99852 -492.223 -1.71389 -396.589 -1.37933 -277.977 -0.822291 -143.058 -0.119716 
-34.8098 -3.75697 -2.61935 -5.85386 0.871374 -6.46224 0.491782 -4.84189 -0.154216 -2.49716 -0.711298 -1.09574 -0.0542529 
-41.0582 -10.6296 -1.44495 -5.59161 -0.858358 -4.69099 -0.827479 -4.38044 -1.93666 -3.91811 -0.755519 -1.14892 0.315492 
-30.66 -2.51375 0.756258 -6.85694 0.325957 -2.47101 -0.959213 -3.03157 0.153536 -3.56306 0.428632 -0.835631 -0.171153 
-28.768 -2.2807 1.566 -5.60477 0.497503 -1.56234 -1.38529 -5.24673 -0.419389 -2.87072 0.263672 -0.280551 -0.549495 
-30.281 -3.76358 -1.41017 -4.10092 1.19795 -3.64519 1.45678 -2.83174 0.0848433 -3.58457 -0.926543 -1.82076 0.738577 
-28.1254 -1.73956 0.966191 -5.03809 0.464989 -1.98155 0.13719 -3.85415 0.175585 -3.52367 0.340791 -0.465166 0.137501 
-29.2887 -1.54365 2.26738 -4.4416 -1.19941 -2.44605 2.19399 -4.8885 -1.22033 -2.46184 0.152594 -1.32051 0.842603 
-43.9018 -5.91403 -1.43089 -6.60229 0.045802 -6.73727 0.125264 -5.36951 -0.11397 -3.70518 0.0725662 -1.48418 0.152217 
-27.8318 -3.09726 0.402036 -3.69901 1.09826 -2.71231 -1.17645 -5.71113 -0.651821 -1.95524 0.492474 -0.446973 0.506251 
-27.0035 -2.58362 1.33188 -2.13106 1.64078 -3.33663 0.315535 -3.92448 -1.18767 -2.71665 0.0687662 0.376665 0.761273 
-37.8111 -3.62666 1.29483 -5.95432 -0.469152 -5.19397 1.12644 -4.25082 -0.830859 -2.73818 -0.278303 -1.14683 -0.138015 
-26.8773 -1.53076 1.61862 -2.38614 1.74186 -3.08406 -0.253826 -3.74033 -0.660938 -3.14776 1.37438 -0.423083 0.577551 
-33.2976 -5.26516 -1.69503 -5.47627 -0.126163 -5.3894 -0.819887 -4.11532 0.369269 -2.34916 -0.0378425 -0.791115 0.257804 
-27.2247 -2.25777 1.41269 -3.62548 0.635976 -3.16208 0.275042 -4.38783 -1.1833 -2.16299 -0.1115 -0.486913 -0.675816 
-34.9865 -3.40104 1.24986 -5.41288 -0.902334 -5.9811 -0.00437212 -3.45573 -0.862968 -2.60544 0.746662 -1.7581 0.204023 
-35.5618 -3.30908 0.787917 -6.2773 -1.44445 -4.36181 1.17783 -5.11578 -0.0815018 -2.4668 -0.558212 -1.47758 0.174787 
-29.5559 -3.60933 -1.43761 -3.67258 1.06768 -3.79363 0.849332 -4.7811 -1.04617 -3.29103 0.453764 -0.679868 0.202698 
-56.7134 -12.7919 -2.04481 -8.15806 -0.426841 -5.6076 0.130881 -6.48101 -0.774931 -3.64087 -1.23594 -2.73514 -0.706663 
-37.279 -9.2033 -2.23448 -6.15318 -1.39684 -5.31528 -1.19341 -4.21128 -1.04221 -2.95015 -0.641207 -1.41516 -0.0629098 
-65.9289 -14.4403 -2.25435 -10.0407 -1.67773 -8.85239 -1.40916 -7.0846 -1.21506 -5.0744 -0.748443 -2.4754 -0.0651041 
-72.8693 -15.2298 -1.74879 -11.4721 -1.62465 -9.4373 -1.64458 -7.54483 -1.24598 -5.41408 -0.711846 -2.68589 -0.0974013 
-36.4086 -9.51812 -1.31415 -4.92469 -1.01497 -4.8833 -2.42718 -5.04641 -0.897994 -1.94899 -0.756574 -2.4646 0.497225 
-47.1741 -11.5188 -2.38605 -7.55514 -1.75256 -6.3323 -1.05701 -4.86587 -1.04557 -3.75237 -0.584587 -1.63857 -0.206986 
-48.0138 -13.2635 -2.6709 -7.63814 -2.28145 -6.46874 -1.89624 -5.16207 -1.42782 -3.61937 -0.840408 -1.81222 -0.184665 
-54.5825 -13.2995 -2.10078 -8.35469 -1.80326 -7.30247 -1.66741 -5.75438 -1.26426 -3.96604 -0.739048 -2.04135 -0.129339 
-72.0357 -16.2289 -2.55538 -11.7594 -2.73189 -9.25589 -1.88685 -8.10959 -1.37983 -5.82782 -1.00888 -2.77436 -0.0107757 
-44.5345 -11.5464 -1.11082 -6.57406 -2.34735 -7.52821 -3.37552 -4.25036 -0.253459 -4.2128 -1.78396 -1.00768 -0.784833 
-54.8902 -12.4932 -1.30287 -8.15717 -2.71089 -8.89161 -1.68515 -4.51067 -1.01745 -4.99541 -0.689156 -2.14106 0.185281 
-29.8658 -6.74533 -2.36163 -3.44682 0.267371 -3.81745 -1.59973 -4.14634 -0.128162 -4.52164 -0.0162299 -1.29641 0.359589 
-37.2086 -7.99294 -2.2597 -5.47516 -0.914328 -6.67996 -1.88209 -4.65954 -0.288068 -3.15293 -0.614614 -1.29856 -0.158277 
-37.8471 -9.39833 -2.54358 -5.52208 -0.650645 -4.5201 -1.35896 -4.3568 -0.475767 -3.82971 -0.273397 -1.95512 0.0334689 
-30.9164 -6.61829 -1.77513 -4.44943 -0.6188 -4.88588 -0.964235 -3.42795 -0.517956 -3.67034 -0.565901 -0.818209 0.168544 
-63.7456 -12.2798 -2.21943 -9.64114 -1.6718 -9.65832 -1.6741 -7.28423 -0.398106 -5.92472 -0.612377 -2.18542 -0.463003 
-47.1607 -13.109 -2.63606 -7.48175 -2.24423 -6.33031 -1.87262 -5.09436 -1.48545 -3.61832 -0.883989 -1.773 -0.139371 
-56.3121 -13.5706 -2.17951 -8.7763 -1.92587 -7.39138 -1.56083 -5.867 -1.20248 -4.17749 -0.586374 -1.89024 -0.0669129 
-94.8514 -19.6776 -2.17315 -14.3133 -1.99852 -12.3007 -1.71389 -9.88967 -1.37933 -6.97453 -0.822291 -3.50105 -0.119716 
-161.533 -29.8615 -2.17315 -23.9053 -1.99852 -20.7434 -1.71389 -16.6924 -1.37933 -11.742 -0.822291 -5.9561 -0.119716 
-228.214 -40.0453 -2.17315 -33.4973 -1.99852 -29.1861 -1.71389 -23.4952 -1.37933 -16.5094 -0.822291 -8.41116 -0.119716 
-294.895 -50.2292 -2.17315 -43.0893 -1.99852 -37.6288 -1.71389 -30.2979 -1.37933 -21.2768 -0.822291 -10.8662 -0.119716 
-361.576 -60.4131 -2.17315 -52.6813 -1.99852 -46.0715 -1.71389 -37.1007 -1.37933 -26.0443 -0.822291 -13.3213 -0.119716 
-428.258 -70.5969 -2.17315 -62.2733 -1.99852 -54.5142 -1.71389 -43.9034 -1.37933 -30.8117 -0.822291 -15.7763 -0.119716 
-494.939 -80.7808 -2.17315 -71.8654 -1.99852 -62.957 -1.71389 -50.7062 -1.37933 -35.5791 -0.822291 -18.2314 -0.119716 
-561.62 -90.9647 -2.17315 -81.4574 -1.99852 -71.3997 -1.71389 -57.5089 -1.37933 -40.3466 -0.822291 -20.6865 -0.119716 
-628.302 -101.149 -2.17315 -91.0494 -1.99852 -79.8424 -1.71389 -64.3117 -1.37933 -45.114 -0.822291 -23.1415 -0.119716 
-694.983 -111.332 -2.17315 -100.641 -1.99852 -88.2851 -1.71389 -71.1144 -1.37933 -49.8815 -0.822291 -25.5966 -0.119716 
-761.664 -121.516 -2.17315 -110.233 -1.99852 -96.7278 -1.71389 -77.9172 -1.37933 -54.6489 -0.822291 -28.0516 -0.119716 
-828.345 -131.7 -2.17315 -119.825 -1.99852 -105.171 -1.71389 -84.7199 -1.37933 -59.4163 -0.822291 -30.5067 -0.119716 
-895.027 -141.884 -2.17315 -129.417 -1.99852 -113.613 -1.71389 -91.5227 -1.37933 -64.1838 -0.822291 -32.9617 -0.119716 
-961.708 -152.068 -2.17315 -139.009 -1.99852 -122.056 -1.71389 -98.3254 -1.37933 -68.9512 -0.822291 -35.4168 -0.119716 
-1028.39 -162.252 -2.17315 -148.601 -1.99852 -130.499 -1.71389 -105.128 -1.37933 -73.7186 -0.822291 -37.8719 -0.119716 
-1095.07 -172.436 -2.17315 -158.193 -1.99852 -138.941 -1.71389 -111.931 -1.37933 -78.4861 -0.822291 -40.3269 -0.119716 
-1161.75 -182.619 -2.17315 -167.785 -1.99852 -147.384 -1.71389 -118.734 -1.37933 -83.2535 -0.822291 -42.782 -0.119716 
-1228.43 -192.803 -2.17315 -177.378 -1.99852 -155.827 -1.71389 -125.536 -1.37933 -88.021 -0.822291 -45.237 -0.119716 
-1295.11 -202.987 -2.17315 -186.97 -1.99852 -164.269 -1.71389 -132.339 -1.37933 -92.7884 -0.822291 -47.6921 -0.119716 
-1361.8 -213.171 -2.17315 -196.562 -1.99852 -172.712 -1.71389 -139.142 -1.37933 -97.5558 -0.822291 -50.1471 -0.119716 
-1428.48 -223.355 -2.17315 -206.154 -1.99852 -181.155 -1.71389 -145.945 -1.37933 -102.323 -0.822291 -52.6022 -0.119716 
-1495.16 -233.539 -2.17315 -215.746 -1.99852 -189.598 -1.71389 -152.747 -1.37933 -107.091 -0.822291 -55.0573 -0.119716 
-1561.84 -243.723 -2.17315 -225.338 -1.99852 -198.04 -1.71389 -159.55 -1.37933 -111.858 -0.822291 -57.5123 -0.119716 
-1628.52 -253.906 -2.17315 -234.93 -1.99852 -206.483 -1.71389 -166.353 -1.37933 -116.626 -0.822291 -59.9674 -0.119716 
-1695.2 -264.09 -2.17315 -244.522 -1.99852 -214.926 -1.71389 -173.156 -1.37933 -121.393 -0.822291 -62.4224 -0.119716 
-1761.88 -274.274 -2.17315 -254.114 -1.99852 -223.368 -1.71389 -179.958 -1.37933 -126.16 -0.822291 -64.8775 -0.119716 
-1828.56 -284.458 -2.17315 -263.706 -1.99852 -231.811 -1.71389 -186.761 -1.37933 -130.928 -0.822291 -67.3325 -0.119716 
-1895.25 -294.642 -2.17315 -273.298 -1.99852 -240.254 -1.71389 -193.564 -1.37933 -135.695 -0.822291 -69.7876 -0.119716 
-1961.93 -304.826 -2.17315 -282.89 -1.99852 -248.697 -1.71389 -200.367 -1.37933 -140.463 -0.822291 -72.2427 -0.119716 
-2028.61 -315.01 -2.17315 -292.482 -1.99852 -257.139 -1.71389 -207.169 -1.37933 -145.23 -0.822291 -74.6977 -0.119716 
-2095.29 -325.193 -2.17315 -302.074 -1.99852 -265.582 -1.71389 -213.972 -1.37933 -149.998 -0.822291 -77.1528 -0.119716 
-2161.97 -335.377 -2.17315 -311.666 -1.99852 -274.025 -1.71389 -220.775 -1.37933 -154.765 -0.822291 -79.6078 -0.119716 
-2228.65 -345.561 -2.17315 -321.258 -1.99852 -282.467 -1.71389 -227.578 -1.37933 -159.532 -0.822291 -82.0629 -0.119716 
-2295.33 -355.745 -2.17315 -330.85 -1.99852 -290.91 -1.71389 -234.38 -1.37933 -164.3 -0.822291 -84.518 -0.119716 
-2362.01 -365.929 -2.17315 -340.442 -1.99852 -299.353 -1.71389 -241.183 -1.37933 -169.067 -0.822291 -86.973 -0.119716 
-2428.7 -376.113 -2.17315 -350.034 -1.99852 -307.796 -1.71389 -247.986 -1.37933 -173.835 -0.822291 -89.4281 -0.119716 
-2495.38 -386.297 -2.17315 -359.626 -1.99852 -316.238 -1.71389 -254.789 -1.37933 -178.602 -0.822291 -91.8831 -0.119716 
-2562.06 -396.481 -2.17315 -369.218 -1.99852 -324.681 -1.71389 -261.591 -1.37933 -183.37 -0.822291 -94.3382 -0.119716 
-2628.74 -406.664 -2.17315 -378.81 -1.99852 -333.124 -1.71389 -268.394 -1.37933 -188.137 -0.822291 -96.7932 -0.119716 
-2695.42 -416.848 -2.17315 -388.402 -1.99852 -341.566 -1.71389 -275.197 -1.37933 -192.905 -0.822291 -99.2483 -0.119716 
-2762.1 -427.032 -2.17315 -397.994 -1.99852 -350.009 -1.71389 -282 -1.37933 -197.672 -0.822291 -101.703 -0.119716 
-2828.78 -437.216 -2.17315 -407.586 -1.99852 -358.452 -1.71389 -288.802 -1.37933 -202.439 -0.822291 -104.158 -0.119716 
-2895.47 -447.4 -2.17315 -417.178 -1.99852 -366.895 -1.71389 -295.605 -1.37933 -207.207 -0.822291 -106.613 -0.119716 
-2962.15 -457.584 -2.17315 -426.77 -1.99852 -375.337 -1.71389 -302.408 -1.37933 -211.974 -0.822291 -109.069 -0.119716 
-3028.83 -467.768 -2.17315 -436.362 -1.99852 -383.78 -1.71389 -309.211 -1.37933 -216.742 -0.822291 -111.524 -0.119716 
-3095.51 -477.951 -2.17315 -445.954 -1.99852 -392.223 -1.71389 -316.013 -1.37933 -221.509 -0.822291 -113.979 -0.119716 
-3162.19 -488.135 -2.17315 -455.546 -1.99852 -400.665 -1.71389 -322.816 -1.37933 -226.277 -0.822291 -116.434 -0.119716 
-3228.87 -498.319 -2.17315 -465.138 -1.99852 -409.108 -1.71389 -329.619 -1.37933 -231.044 -0.822291 -118.889 -0.119716 
-3295.55 -508.503 -2.17315 -474.73 -1.99852 -417.551 -1.71389 -336.422 -1.37933 -235.811 -0.822291 -121.344 -0.119716 
-3362.23 -518.687 -2.17315 -484.322 -1.99852 -425.994 -1.71389 -343.224 -1.37933 -240.579 -0.822291 -123.799 -0.119716 
-3428.92 -528.871 -2.17315 -493.914 -1.99852 -434.436 -1.71389 -350.027 -1.37933 -245.346 -0.822291 -126.254 -0.119716 
-3495.6 -539.055 -2.17315 -503.506 -1.99852 -442.879 -1.71389 -356.83 -1.37933 -250.114 -0.822291 -128.709 -0.119716 
-3562.28 -549.238 -2.17315 -513.098 -1.99852 -451.322 -1.71389 -363.633 -1.37933 -254.881 -0.822291 -131.164 -0.119716 
-3628.96 -559.422 -2.17315 -522.69 -1.99852 -459.764 -1.71389 -370.435 -1.37933 -259.649 -0.822291 -133.619 -0.119716 
-61.4987 -18.8682 -2.70294 -8.48257 -2.07501 -6.31552 -1.53452 -6.18892 -3.03421 -4.69394 -1.44037 -2.15309 -0.548581 
-48.2355 -14.3725 -1.72217 -7.13327 -4.46518 -7.65836 -0.173958 -4.7028 -2.84791 -3.33008 -1.75674 -1.538 -1.32548 
-38.5916 -5.45225 2.90458 -1.97339 3.1147 -4.10405 -0.0870496 -2.87139 -0.524236 -2.69541 -0.0434184 -0.789776 0.955056 
-37.5485 -4.74301 4.16408 -2.03747 3.23041 -1.17323 0.407945 -3.94377 0.268789 -2.58427 -0.875123 -0.928564 0.876336 
-41.4593 -6.66913 2.74751 -3.43141 2.55508 -3.34802 -1.08452 -4.91656 -1.29084 -3.41484 -1.17294 -1.26515 0.217691 
-29.1971 0.551859 6.49651 -2.86272 1.81682 -1.20978 1.43392 -2.3802 -0.257079 -0.939566 0.634501 -1.52094 0.218949 
-31.2932 0.636251 9.13746 -0.256601 1.81788 -2.24907 0.0662857 -2.03767 1.08938 -2.22378 0.402109 -1.72628 0.804055 
-33.7808 -2.65352 2.75216 -4.43438 1.05125 -4.48101 -1.05704 -3.61195 -0.592 -3.07659 -0.966834 -1.961 -0.0391381 
-31.7203 -1.56354 5.75375 0.142058 4.71843 -1.16852 1.4493 -2.71466 0.209166 -1.1498 -0.320688 -1.25143 -0.0767801 
-25.4278 1.90684 8.72493 1.8263 2.56741 -2.17924 1.13908 -2.61765 0.311289 -0.463013 1.39717 -1.02572 0.455195 
-32.383 -2.80035 5.59128 0.316927 1.92012 -3.93701 -0.118748 -2.39195 0.943302 -2.70807 -1.16943 -2.09948 -0.336453 
-31.5652 -2.19372 5.24498 -1.38432 3.60009 -1.24258 2.13792 -0.486999 -0.0339547 -2.09226 -0.506567 -1.49857 -0.395309 
-24.9406 3.9829 8.02745 0.317729 3.77836 -3.80701 1.68638 -0.758622 -0.382495 -0.628855 1.13913 -0.648069 0.406876 
-27.2101 -1.26962 5.32133 1.85357 1.0596 -5.8201 0.0600701 -2.69285 0.673419 -1.09194 0.309752 -1.35816 0.22833 
-29.4699 -3.22412 4.05717 0.213421 3.05663 -3.20555 0.638739 -2.1833 -2.06985 -1.8004 1.43204 -1.1564 0.652406 
-27.7895 2.05621 8.56198 -1.70438 1.91335 -2.29974 0.676204 -1.50668 0.596984 -0.4333 0.18368 -1.09963 0.566464 
-25.1571 0.101458 7.90467 1.69754 1.79365 -4.28773 1.26773 -1.60951 -1.03705 0.035736 -0.0287687 -0.285855 0.049063 
-28.336 -3.0865 4.03301 -1.34364 0.760067 -5.32599 0.509349 -1.39365 -1.62162 -0.925207 -0.798722 -1.57006 -0.257533 
-25.6045 -0.509526 5.48894 0.0755398 2.28154 -1.21207 1.35742 -2.19987 0.518306 -1.93072 0.926552 0.234363 0.671508 
-20.4142 0.55897 8.99864 2.76663 2.063 -3.48942 0.123022 -0.255117 -0.399929 0.466255 -0.3966 -0.612323 0.746154 
-29.0764 -7.17461 2.27956 -1.63509 -1.73873 -5.14934 -0.211489 -2.98415 -2.81691 -0.98391 -0.824866 -2.13727 0.654362 
-28.3557 -3.92607 3.64598 -1.2912 2.25243 -3.13359 -0.0691441 -0.359043 0.733069 -0.0468364 1.13246 0.993212 1.4213 
-20.936 2.89773 8.16894 1.44881 0.856214 -2.97197 2.1565 -1.77837 -0.278248 -1.29852 0.499549 -0.300767 0.628196 
-29.7975 -5.67131 1.59291 -2.03092 -2.29942 -7.30152 -0.701866 -4.90934 -2.54051 -1.50008 -1.17818 -1.63592 -0.892235 
-25.7778 -3.08739 4.64564 0.566758 1.75152 -2.76081 1.24848 -1.69392 -0.517512 -0.0696899 0.190069 -0.470725 0.365511 
-15.8201 1.72026 6.65841 2.63091 0.429184 -2.57909 2.41686 -1.41206 -0.0856012 -0.160648 0.926258 -0.171056 -0.254203 
-25.2295 -3.44176 5.03013 1.49081 -0.548658 -5.22494 0.276946 -3.10471 -2.13894 -0.589787 0.569351 -1.55348 -0.0410332 
-25.6175 -2.87419 6.8857 3.20421 2.05005 -4.08379 1.26875 -0.494502 -0.598235 -0.139728 -0.425267 -0.202355 1.57178 
-20.2914 2.16484 8.52307 2.97889 -1.04107 -3.60345 3.31861 -3.10566 -0.047771 0.0139375 0.260892 -0.525126 0.273011 
-22.2485 0.497203 8.40184 4.34827 0.379765 -4.20328 1.60932 -2.98326 -0.240882 -0.27375 0.538623 -1.06722 0.918372 
-23.9576 -0.834934 6.35904 2.97978 2.16807 -3.8962 0.952494 -2.62867 -0.700822 -0.676143 0.180163 -0.442554 0.776481 
-19.7337 2.01267 7.82923 1.84524 1.4615 -3.31545 1.56646 -0.392878 0.691707 -0.187109 0.405921 0.0338042 -0.688194 
-20.3824 1.38307 7.26357 2.86495 1.12689 -3.09584 2.60404 -1.90165 -0.745292 -0.587914 0.838309 -0.949696 0.499799 
-18.7885 1.01143 5.4811 1.41186 0.406908 -3.34129 3.20284 -2.18673 -1.40175 0.0738317 0.221349 -0.905838 -0.212961 
-19.7742 2.60276 6.85067 2.89713 1.82012 -3.4937 3.53855 -1.01325 -0.169158 -0.587213 1.3238 -0.568115 -0.509984 
-18.8413 1.78875 7.71281 3.10797 1.99127 -3.20331 1.51631 -2.04406 -0.662324 -0.0340989 0.0553965 -0.0971845 0.342701 
-23.3499 -1.50851 5.78552 2.90222 0.930924 -4.41573 2.65522 -1.72778 -1.28281 -0.973709 -0.713245 -0.897091 -0.0286519 
-19.4404 2.51698 7.7426 3.37722 1.31777 -4.34908 2.80638 -1.09286 -0.0630759 -0.136828 0.277666 -0.797533 -0.244249 
-18.1272 2.72372 8.00779 4.13465 0.927424 -3.19119 2.44803 -2.33684 0.41117 -0.409325 0.994502 -0.804966 0.495796 
-22.8899 -0.972916 6.28333 2.79588 1.75359 -3.54676 1.50058 -2.73043 -1.70558 0.0291903 0.511935 -1.7634 -0.282148 
-17.8643 2.74778 7.68648 1.86326 0.486535 -3.33687 1.92338 -0.641213 0.0216324 -1.15073 0.0191529 -1.0547 0.753577 
-15.3026 2.84127 6.57335 3.75477 1.79925 -2.04956 2.19666 -2.68565 0.704213 -0.191378 0.370912 -0.571992 1.14379 
-22.1651 0.231856 5.48454 1.54235 0.652613 -3.9896 2.56301 -2.33071 -1.22139 -1.14901 -0.410301 -1.58464 0.253614 
-17.342 3.1293 6.63918 0.558263 1.22632 -2.50553 0.997065 -1.60494 0.479267 -1.03721 0.45593 -0.195161 -0.563279 
-18.2209 3.11741 6.86831 3.50376 3.17317 -2.53478 1.46566 -2.87235 1.15667 0.628061 0.564791 -1.15425 0.607261 
-23.2887 -0.663391 6.37401 4.14361 1.62601 -5.19641 1.76378 -1.50907 -0.216019 -1.4664 -0.454955 -0.868847 0.238707 
-15.1623 3.01602 4.14076 0.771021 0.352178 -2.72796 1.37968 -2.44974 1.15083 -2.03135 1.00769 -0.484739 -0.0790522 
-19.5054 2.1603 5.29439 4.24101 3.5825 -3.63552 2.40788 -1.62087 1.10465 -0.838476 0.920431 -1.12884 0.556879 
-21.3073 0.125112 3.84039 2.45584 1.83283 -4.3961 2.40598 -2.12996 -0.257331 -1.12446 0.183528 -1.52397 0.705211 
-16.7322 1.61063 2.54924 0.376883 -0.674137 -4.25683 1.89036 -3.32667 0.419657 -1.7615 0.376853 -0.535166 -0.0314885 
-19.6357 -0.227175 4.4239 3.9658 1.75425 -3.28395 2.309 -2.10209 1.34083 -0.359298 1.00188 -1.4097 0.0462267 
-24.1231 -0.659707 3.85024 2.58991 0.946544 -3.64261 4.44081 -2.22708 -0.613199 -2.03198 0.886003 -2.18288 0.170914 
-17.9323 2.0812 3.29875 1.18928 -0.13553 -4.56953 1.72295 -3.68173 0.951846 -2.01055 0.377383 -0.0201529 -0.366407 
-19.9323 -0.0631201 5.5185 2.6998 1.03898 -3.18414 1.57353 -2.01272 1.07972 -0.439548 0.340673 -0.49309 -0.329296 
-24.3346 -2.38424 1.99751 1.12985 0.382906 -5.07406 3.38171 -1.80237 -0.973594 -2.02097 -0.11812 -1.48333 -0.192255 
-18.0055 0.770199 3.89106 1.17329 0.308185 -3.79295 0.549175 -2.45822 1.50622 -1.85183 -0.252388 0.000758515 0.201192 
-11.4791 -1.76313 0.00860537 4.99407 0.317739 -2.01044 3.50215 -3.49959 1.10608 -1.86678 0.129174 -1.00894 -0.0880976 
-19.9598 -6.02666 -3.52108 0.283398 -0.23058 -4.66488 -0.14669 -5.1533 -0.317589 -0.952169 -0.371951 -2.12091 0.835906 
1.10058 2.85486 -1.44173 3.87688 -0.497178 -1.74517 1.09103 -3.2856 2.76422 -1.76483 1.64056 -1.34828 0.18487 
-1.03729 3.25223 1.91373 7.12975 1.65771 -1.06104 0.56753 -4.7679 2.09323 -0.434046 2.52586 -0.999914 0.847397 
0.627476 2.8826 1.06277 6.54752 1.5689 -1.14954 0.22746 -4.77263 2.3671 0.411889 1.05003 -1.35674 0.973682 
5.45841 4.43519 -0.0959367 4.23875 -1.02473 -2.10858 0.949533 -2.84136 1.86903 -1.0982 1.41361 -0.760807 0.429631 
3.30493 5.71483 1.62926 6.3308 1.98433 -1.48979 0.635163 -3.1868 2.50741 -0.848488 1.63765 -1.16305 0.901496 
1.62434 3.63679 0.529842 4.36066 0.718396 -1.75441 -0.395998 -3.96754 2.69358 0.196161 0.479826 -1.22773 0.360878 
10.274 6.68211 -0.686395 5.7999 -0.919457 -1.57454 2.84958 -3.44792 2.61539 -0.520528 1.92558 -0.847459 0.593686 
4.32722 6.96427 0.616696 6.42664 0.792338 -3.69923 1.5684 -3.53089 2.94068 -0.706878 1.40487 -1.17014 1.0085 
2.3613 5.00184 0.333579 2.67853 -0.586816 -2.33967 0.197759 -4.10903 2.20532 -0.149329 0.319425 -1.14033 -0.18042 
11.996 7.45716 -0.88087 4.89941 -0.379475 -0.955412 2.22828 -3.22843 2.57486 -0.701457 1.53608 -0.897247 0.281913 
6.18385 8.38905 0.534281 5.21076 -0.623103 -3.26905 2.18467 -3.21564 3.55296 -1.53874 1.4191 -1.18311 1.35499 
0.766248 5.73493 1.48377 2.00272 -1.59424 -2.9106 0.433892 -2.58828 2.37709 -1.24487 1.15255 -1.65061 -0.128751 
10.4431 6.37266 -1.38451 4.64024 -0.98909 -1.29946 2.44264 -3.57494 1.97694 -0.76601 1.9462 -0.87749 0.131906 
4.75657 7.34382 -0.607627 2.48382 -0.876454 -2.78689 2.22476 -3.41967 1.53366 -0.669744 2.01421 -1.61051 0.761814 
0.687307 5.8797 -0.91695 0.348657 -0.805418 -1.98739 1.96108 -2.54304 2.7721 -0.869512 1.50944 -0.782004 -0.567448 
10.8329 6.52625 -0.869302 3.50116 -2.42071 -1.18658 1.74591 -3.93049 1.85704 -0.918672 1.93484 -1.17308 -0.125319 
7.11316 8.34677 -0.550021 2.42448 -0.484768 -0.596614 2.31837 -4.09919 2.16799 -1.29696 2.09406 -1.39659 0.861696 
1.73945 5.33791 -1.31972 0.397082 -1.01974 -2.28812 1.55281 -2.26904 2.82376 -0.672643 1.00175 -0.526663 0.30602 
9.34025 7.05397 -0.0657144 2.94993 -3.0494 -1.23383 2.42797 -3.9333 1.37227 -1.00298 2.53286 -1.18271 -0.110604 
7.10659 6.66297 -2.55321 0.48004 -1.30551 -0.733599 1.95257 -4.39959 1.68289 -0.981441 1.18051 -0.943398 0.877162 
3.80254 5.00207 -0.696281 -0.423763 -2.67951 -1.89709 1.82318 -2.11638 1.96038 0.707952 0.597369 -0.817053 1.62096 
8.46471 7.391 2.34943 2.86361 -4.10546 -1.44918 2.7187 -3.47191 0.970243 -0.607052 1.84556 -0.873284 -0.7492 
7.06456 6.51918 -1.3358 0.347715 -1.81992 -1.16054 1.12467 -3.79068 1.2754 -1.18924 0.920418 -0.92782 0.304468 
5.2041 5.4236 -0.603569 0.706782 -3.14974 -2.10047 2.9921 -2.00555 1.27211 -0.160512 1.53349 -0.467385 0.554035 
8.97398 7.14377 0.232737 2.58341 -4.22795 -2.16911 2.01477 -4.37806 1.11161 -1.37348 2.37897 -1.13704 -0.364586 
7.02781 5.81796 -1.52172 -0.738631 -3.12817 -0.168759 1.26231 -4.11906 1.41019 -1.5511 0.7994 -0.641299 0.367679 
6.19887 7.59028 -1.56247 0.749436 -2.8186 -2.48054 3.11311 -2.90285 1.96959 -1.84097 1.89465 -0.642034 0.436057 
8.47367 7.12403 0.827595 1.76925 -4.93167 -1.1594 2.0489 -4.41085 1.63342 -1.57507 2.31583 -0.844516 -0.357891 
4.53501 4.43322 -1.27189 -0.357097 -3.74554 -0.367898 1.74315 -4.36983 0.514801 -2.04184 0.931584 -1.17668 -0.0630719 
7.42754 8.12222 -0.497031 0.37755 -2.31073 -1.32518 2.51456 -2.61716 1.71903 -1.48239 1.53812 -0.793309 1.01135 
8.23193 7.73688 1.47169 1.35404 -4.35089 -0.479009 2.59005 -4.05525 0.64617 -1.33671 2.94185 -1.00861 -0.337794 
5.06396 4.31086 -1.50638 0.0706727 -3.79151 -0.420874 2.21783 -4.43595 0.286663 -2.02887 1.17943 -0.94187 -0.53095 
7.99757 8.3821 -0.961243 1.07163 -2.29956 -1.54939 2.87848 -2.61451 1.62055 -1.96407 2.56247 -1.23493 0.769103 
8.50925 8.41629 1.92099 1.29904 -4.01702 0.0585528 3.17416 -4.08171 0.65173 -1.15459 2.71088 -0.656393 -0.438779 
4.45539 4.37811 -0.262118 0.952415 -2.99958 -0.251726 2.08988 -3.84409 0.295985 -1.572 1.30151 -1.00304 -0.010779 
7.43472 7.74592 -0.023998 0.680977 -2.48264 -0.670737 2.48646 -3.04239 1.75062 -1.19036 1.94802 -0.582399 0.182103 
8.63798 8.38574 1.82876 1.97975 -4.05179 -0.0762276 3.28479 -3.95779 0.976963 -1.5533 2.98829 -0.944881 -0.330008 
5.57029 4.23809 0.376983 2.67181 -3.38884 -0.770869 2.58209 -3.42248 0.465303 -1.74491 1.26856 -0.820306 -0.0262014 
6.83612 7.45289 0.487138 1.37327 -3.20073 -0.882393 2.59442 -3.57357 1.84848 -1.19475 2.23575 -0.756272 0.0722381 
8.69231 8.2553 3.21275 2.53382 -4.17005 -0.430073 2.54995 -3.63163 1.70223 -0.727518 1.94836 -0.603807 -0.167334 
6.75867 4.79292 1.11213 2.62602 -4.70273 -0.996435 2.4368 -3.33913 0.793034 -2.10228 1.1908 -0.720999 0.312782 
5.78938 6.20248 0.334117 1.6924 -3.76957 -2.09779 1.97108 -3.25365 2.2523 -1.27145 1.32976 -0.395133 0.518953 
8.73932 7.55415 4.22089 3.95891 -5.2317 -2.05779 2.7068 -2.53271 1.10305 -1.2544 1.99814 -0.437365 -0.469583 
6.37452 5.79797 0.96397 1.09171 -5.15598 -1.9041 2.05233 -3.58091 0.654759 -1.55277 1.10363 -0.836635 0.461937 
3.23423 6.57794 2.53981 1.42218 -3.32887 -3.77277 1.47836 -1.68447 0.95129 -0.748994 0.61364 -0.789097 0.835937 
8.8769 9.1255 4.19263 4.09826 -4.00769 -2.0026 3.6491 -1.89012 1.39834 -1.34617 1.74763 -0.80663 0.536884 
4.57418 7.44449 1.25278 0.677368 -5.30138 -2.5158 2.61239 -4.23835 1.06762 -2.06824 1.1429 -1.40048 0.578648 
1.36362 6.29538 2.77446 -0.618978 -3.52605 -3.04216 0.696902 -1.96867 0.588891 -1.54737 0.696242 0.605524 -0.573488 
10.2128 9.39548 3.54558 3.66513 -5.05274 -1.15315 4.29211 -2.63356 1.62464 -1.54649 2.71118 -0.62094 0.159862 
5.09713 6.3339 1.43296 0.949056 -7.19382 -3.71265 2.0604 -3.35825 1.00407 -3.03201 1.46809 -1.12826 0.0862414 
0.253312 7.05998 3.77624 1.39264 -4.88928 -2.42902 1.82646 -3.28384 2.55777 -2.26402 1.62879 -0.988734 -0.135675 
8.71453 10.0812 5.16856 2.93527 -4.85141 -0.371816 4.18642 -2.37763 1.51433 -1.5758 2.47404 -0.783528 -0.0105549 
5.55346 7.64966 1.96069 0.591963 -5.96538 -2.24607 2.56034 -3.43534 1.13254 -2.58483 1.66525 -1.09534 0.073065 
2.06936 6.50872 3.90152 2.08251 -3.31582 -1.244 1.0848 -3.55311 1.80401 -0.884929 1.80934 -1.31784 -0.525321 
9.97169 9.49941 3.00819 2.79993 -3.83458 0.266364 4.16342 -3.12207 1.4844 -1.54549 2.1708 -0.87178 0.245087 
6.57706 8.03447 2.37752 0.995639 -4.87171 -0.986671 3.43023 -3.32912 0.60843 -1.79385 1.84859 -0.790861 0.102056 
3.9507 7.36381 4.91887 2.57527 -2.9306 -0.793894 2.17063 -2.73803 1.18732 -0.66241 1.25638 -0.199493 -0.0634869 
7.09007 8.98666 2.17931 2.83593 -1.94814 0.122677 4.41078 -3.43934 0.934609 -1.45443 2.00973 -0.558101 0.849825 
6.29428 9.30941 3.98587 1.52227 -4.48559 0.3709 4.72525 -3.60616 0.364283 -1.61255 2.83515 -0.222051 -0.151958 
3.39725 8.08734 4.96452 2.33778 -4.83344 -1.22171 4.21825 -3.39811 0.380268 -1.08393 2.12338 -0.69511 -0.664725 
1.102 8.33621 1.64256 -0.179745 -2.61033 -1.54914 3.07469 -3.60443 1.14154 -1.66294 1.51906 -1.29955 0.293582 
5.93885 10.2729 3.80531 0.49042 -4.73638 1.4919 4.60648 -4.16042 1.8613 -2.05502 2.76729 -0.786517 0.209605 
1.64984 6.54644 2.50826 -1.398 -6.30988 -1.27414 1.13033 -4.52856 1.55585 -2.42676 1.20888 -0.723738 0.0602074 
-5.19213 7.20673 6.13342 0.825768 -3.66752 -3.31425 0.0694587 -3.47385 3.17649 -1.06852 0.987689 -0.971284 -1.26319 
5.60769 7.59114 2.1454 2.66528 -3.56042 -0.364737 4.6123 -2.79369 1.62584 -2.1278 1.434 -0.664747 0.899847 
4.20884 8.41389 2.84378 1.14357 -5.00826 -0.869875 4.28641 -3.40631 1.59738 -2.07526 2.04481 -0.534748 0.686954 
-1.00488 7.61727 5.01318 0.574118 -5.03988 -0.713688 4.13748 -4.39983 0.581915 -0.662165 1.6525 -1.02645 1.0305 
-0.890235 5.55807 1.49766 0.0926962 -3.49063 -0.0749114 4.30668 -2.72594 1.24493 -2.28873 1.87831 -1.09428 -0.876464 
2.56572 7.69062 3.22032 0.531435 -4.62045 0.593008 4.0263 -4.44664 0.937791 -2.19306 1.75149 -0.396561 0.587441 
1.1312 5.19936 2.09054 -0.601811 -6.23317 -1.26773 1.9772 -4.89063 0.0856662 -2.01449 1.23557 -1.15428 0.472518 
-3.43728 5.23931 2.81661 -0.590009 -5.19198 -3.05333 1.77408 -3.99861 0.526199 -1.76007 0.971021 -1.08032 0.153791 
0.669 5.50833 0.907483 0.522131 -5.29654 -1.68078 4.95305 -2.6224 2.08637 -1.53519 1.17747 -0.782446 0.809327 
-1.3812 4.52994 0.290374 -2.47402 -6.43487 -3.18294 1.91965 -4.48013 -0.0756431 -2.14452 0.0762087 -0.777844 0.796793 
-1.57527 7.1237 3.99787 0.146985 -5.32668 -0.157892 4.86357 -4.24356 0.640374 -1.52479 2.6909 -0.852035 0.139327 
-4.3724 5.31117 2.42349 -0.401595 -1.71651 -0.621295 3.22985 -2.20432 1.45339 -0.697941 1.15692 -0.665396 1.16046 
-0.257029 7.29481 4.30174 0.917253 -3.97822 -1.09726 4.19117 -3.28332 0.335571 -1.43956 1.33358 0.0797165 0.354612 
-0.0641676 7.44018 3.68826 0.383919 -5.36054 -0.713317 4.3046 -4.08378 0.753665 -1.98006 2.44437 -0.908139 -0.0591525 
-5.9632 7.21642 2.79776 -1.86175 -5.09235 -2.44808 3.6876 -4.73192 1.33002 -1.66647 1.55112 -0.948915 -0.187931 
1.18307 6.4124 4.23964 1.11433 -4.43756 -1.24342 3.81107 -0.619696 1.84295 -1.23416 1.35975 -0.421209 1.14939 
0.292396 8.15185 5.33973 1.24895 -4.01297 -0.812857 3.60239 -2.88415 0.783835 -2.0001 2.3901 0.0255401 -0.0944237 
-1.83225 8.82317 4.37871 -1.05619 -3.47559 -0.850934 3.77966 -3.29808 0.848927 -1.39211 1.52951 -0.489361 0.0687603 
-8.67176 5.36933 3.21148 -2.8888 -3.55403 -2.2484 1.61392 -3.97533 0.439741 -1.84011 0.676861 -0.0218846 -0.423051 
-0.600767 6.39885 4.57782 0.440218 -6.18675 -1.40477 3.681 -2.91594 1.66511 -1.74881 0.751846 -0.356573 1.17768 
-1.26767 7.09659 3.26646 -1.42389 -4.56397 -0.959632 2.27011 -3.5934 1.41999 -2.2645 1.26866 -0.173322 -0.0432419 
-5.59177 7.59146 4.78473 -2.05947 -4.81199 -0.961948 3.91963 -3.42136 1.14918 -1.37948 1.6031 -0.709078 -0.0407358 
-9.79911 4.21213 2.43732 -3.32629 -4.38732 -0.993643 2.41615 -3.76782 1.67622 -2.13352 1.16914 -0.00496255 0.0402917 
-3.78883 8.18651 5.10887 0.572032 -4.87172 -0.607394 4.28383 -4.22253 2.45059 -2.52088 1.53188 -0.841732 0.785522 
-8.74451 4.15884 3.47895 -1.40057 -6.49046 -2.41341 2.62798 -4.72632 0.960892 -2.56699 1.19951 -1.10065 0.376819 
-11.4266 4.30292 4.25049 -0.629268 -3.22151 -1.63724 4.16763 -2.33933 1.57559 -1.49101 0.871021 -0.739915 0.248312 
-9.67416 2.788 0.832408 -2.91736 -5.76359 -3.1768 4.48308 -3.09543 0.143332 -1.38707 0.69844 -0.663945 0.139689 
-7.69422 7.03801 5.08408 1.34165 -1.72499 -1.8891 4.34842 -2.94051 0.538383 -2.52394 0.872268 0.126036 1.34365 
-11.5286 3.42597 3.28408 -2.09859 -5.76161 -3.9066 3.73665 -4.27949 -2.03337 -1.80823 1.32354 -0.497988 -0.0621773 
-13.1892 4.84415 3.37662 -2.963 -2.14966 -2.37091 2.91858 -2.26073 0.866987 -2.01683 0.219833 -0.30127 0.35764 
-8.05664 6.97754 4.58746 -1.94899 -5.43659 -3.59412 4.22404 -3.382 0.458365 -1.73118 0.15261 -0.0990166 -0.105197 
-8.73446 7.02099 5.72629 -1.52458 -3.50406 -1.59589 3.43841 -3.33436 -0.116553 -1.93294 1.04466 -0.341617 0.596393 
-10.9185 6.29868 4.98396 -2.18091 -5.465 -3.13939 3.10781 -4.46775 0.4233 -1.78179 1.30597 -1.28543 -0.324365 
-13.942 4.608 4.72559 -1.95199 -3.98485 -2.41675 2.71528 -3.88999 0.927364 -2.72936 0.354076 -0.411941 0.333152 
-5.65266 8.20818 4.95854 -1.47935 -5.37303 -2.71856 3.76618 -3.58215 1.47069 -1.87347 0.403931 -0.702185 0.708801 
-8.66129 6.86058 4.51688 -1.85935 -5.23356 -2.09965 3.16908 -4.82568 1.32118 -2.10775 1.2137 -0.633328 0.324165 
-9.66337 7.36492 5.60744 -2.19027 -3.81718 -2.37511 2.99505 -2.75537 1.28099 -1.9117 0.580579 -0.630225 0.281915 
-16.1111 3.01005 2.76911 -5.3662 -4.50292 -4.14654 -0.0146946 -4.34124 -0.285371 -2.54581 -0.445649 -0.916089 -0.313936 
-9.01217 8.38189 5.55785 -2.39852 -4.71161 -2.74006 3.80438 -4.26284 0.718527 -0.882085 1.01682 -0.885687 0.329575 
-10.6279 6.32116 4.27894 -2.46909 -3.27544 -4.01022 1.83411 -3.31432 -0.233729 -1.90963 1.05088 -0.24829 -0.263071 
-13.3968 6.0237 7.6754 -0.751547 -4.00751 -4.26868 2.19189 -2.23158 1.4506 -0.960646 -0.308866 -0.710483 0.888335 
-15.1929 1.1354 2.23235 -2.87512 -4.59125 -4.70683 0.0818993 -4.49375 -0.564428 -2.95647 -0.866976 -0.686586 0.897021 
-7.87878 7.84539 5.03975 -1.96958 -4.83492 -2.5051 3.21519 -3.76272 1.75777 -2.25968 -0.317752 -0.856024 1.40666 
-11.4801 6.03871 4.54622 -3.75146 -5.3743 -2.75998 2.79576 -3.82675 0.585687 -1.98909 0.668747 -0.718788 0.0307231 
-12.7684 6.51338 5.32708 -1.56068 -1.9494 -2.65007 1.08629 -3.82909 2.29548 -1.96077 0.0254291 -0.429211 0.700899 
-16.021 3.33016 2.79191 -3.1098 -2.8388 -3.44998 -0.194608 -5.38481 1.46179 -1.98617 -0.327666 -1.25591 0.0776257 
-12.809 8.03286 5.1638 -2.88298 -2.81016 -5.77088 2.64534 -2.54665 -0.165137 -1.66858 -0.68133 -0.574076 1.34515 
-13.5298 6.85946 2.99281 -4.50798 -2.24951 -3.89146 1.907 -4.23123 0.812753 -1.398 -0.569648 -0.128081 0.57604 
-16.2666 4.75768 3.63423 -5.86417 -3.97503 -3.58622 -0.170942 -5.10819 0.896424 -1.38342 -0.891722 -1.12171 0.407631 
-16.9213 3.01406 4.16507 -2.66684 -2.62376 -3.22681 0.765658 -4.34549 -0.332914 -1.97816 -0.0614842 -1.07727 1.3431 
-10.8086 8.88504 5.42292 -3.59724 -2.79546 -3.26227 2.3296 -3.2406 0.697539 -1.34681 0.0359433 -1.17485 1.4725 
-14.1705 6.26035 3.30706 -5.54202 -3.92319 -1.89355 2.26777 -5.47839 1.8107 -1.1317 -0.818594 -0.431049 1.03569 
-20.3565 4.06248 4.90079 -4.45117 -5.4278 -4.0068 2.43099 -4.68262 0.908638 -2.35164 -0.00270257 -0.757853 0.706454 
-17.715 1.85081 3.26557 -4.28814 -3.42735 -2.66289 0.436323 -4.41738 -0.486644 -2.48829 -0.45315 -1.1894 0.814479 
-14.6343 7.73252 7.42592 -2.64787 -2.37516 -3.44229 1.5915 -2.95388 1.40516 -1.20156 -0.523264 -0.664925 0.807165 
-14.5591 4.21422 3.84123 -1.84004 -2.99552 -3.21355 2.12377 -3.60601 1.92241 -1.64426 -0.0547052 -0.386942 0.915849 
-18.1089 3.89875 4.42826 -3.54434 -3.65698 -3.18687 1.06321 -4.24465 0.729953 -2.62104 0.989717 -1.20611 0.362316 
-20.4357 0.305743 1.45249 -4.82964 -4.34802 -3.57442 0.683477 -5.49736 -0.301618 -3.49202 -0.976331 -0.945509 0.124368 
-11.6979 6.51868 6.59112 -3.09368 -4.31577 -1.31688 2.1089 -3.42276 1.4151 -2.06107 0.470327 -0.240074 -0.56952 
-14.4484 4.42107 4.94938 -4.52706 -4.20851 -0.659681 1.53005 -4.07174 2.17126 -1.48615 -0.348775 -0.120575 0.693498 
-17.2701 3.53993 5.27442 -3.03438 -3.74307 -1.77704 0.695115 -3.45208 2.24111 -4.17453 0.241707 0.308017 0.067508 
-22.3372 -0.707208 1.37966 -5.01686 -3.08512 -2.59426 0.930899 -5.04992 -0.889564 -2.76356 -0.47559 -1.1264 0.891523 
-19.118 5.0652 6.39975 -3.12268 -4.25013 -3.66514 4.00024 -3.64264 -0.329244 -1.00031 0.383215 -1.09675 0.951911 
-20.0354 -0.185574 2.74399 -3.80384 -2.76652 -2.38881 1.12536 -3.27577 -0.0713065 -1.58661 0.541869 -0.32242 0.958592 
-21.4776 0.968919 3.22542 -4.75763 -2.0529 -2.16739 0.82109 -3.75351 0.00981559 -2.59062 -0.984974 -0.400403 0.787079 
-24.2664 -1.0051 1.17043 -5.54402 -2.63921 -3.40961 2.63506 -1.12809 1.60778 -1.73777 -0.159364 0.413825 0.500527 
-23.761 -0.685936 2.31961 -2.84858 -2.57013 -3.79183 2.1152 -3.64579 0.773739 -1.56769 0.272615 -0.845975 -0.240869 
-25.3209 -2.21171 2.16114 -3.58589 -2.14938 -3.67424 -0.813582 -3.2958 1.38719 -3.33316 0.117996 0.133999 -0.251398 
-29.7733 -3.59115 2.00157 -3.94943 -2.34578 -5.8509 -2.74505 -3.62435 1.21263 -3.6728 0.0541412 -0.989641 -0.43984 
-24.4354 0.892602 4.47441 -1.20692 -0.503504 -4.08825 -0.333748 -3.19126 3.04266 -2.12964 -0.387734 -1.09794 0.0198598 
-29.5284 -5.68273 -0.216265 -6.14933 -2.38456 -1.39742 -0.243127 -4.75772 0.117112 -4.19123 -2.54175 -1.69109 0.446794 
-23.7474 -3.60318 1.40378 -4.07117 -1.37655 -2.10635 -0.143392 -2.29354 0.901145 -1.49893 -0.301808 -0.558366 -0.299519 
-28.5274 -4.35994 -0.975375 -2.78277 2.62939 -3.58367 -0.107807 -2.80214 0.473781 -1.45412 -0.136315 -1.06865 0.608659 
-27.854 -3.90511 -0.375048 -4.86374 0.375673 -2.9914 0.193026 -2.88042 0.530923 -1.82612 -1.28255 -0.927292 0.833009 
-28.3771 -4.53368 2.95337 -3.29977 -1.20957 -2.33239 0.387344 -2.25529 -0.137673 -1.65428 1.02312 -0.235308 -0.0715303 
-29.2287 -3.12879 1.61968 -3.83989 -0.447912 -5.03489 1.85778 0.185397 0.140341 -2.87662 -0.539567 -0.372871 0.135272 
-28.9019 -3.57377 -0.490914 -6.11797 0.16213 -3.57898 -0.296462 -0.865272 2.08623 -1.41699 0.659033 -0.199576 0.77585 
-31.19 -3.1954 1.05358 -5.45209 -1.1415 -3.46942 0.613332 -2.99594 0.956949 -1.99325 1.13873 -0.79802 -0.438265 
-27.2944 -3.79577 0.500265 -5.81403 -2.67995 -3.71708 -0.0521716 -2.64261 1.46566 -1.73205 -0.331308 -0.345033 -0.372499 
-28.1711 -3.86818 -1.62338 -4.35923 -0.870179 -3.76696 1.93987 -2.75565 1.1049 -1.99128 0.414128 -1.27428 1.09503 
-29.4529 -3.72061 -1.31392 -6.00324 -1.03699 -5.65004 -0.85459 -4.60413 -0.428421 -1.48796 -0.0285698 -0.779713 -0.614703 
-26.082 -2.0261 2.67148 -5.02139 -2.51227 -3.75847 -0.318962 -3.45771 0.155106 -1.33191 -0.618463 -1.0531 0.648441 
-34.1866 -8.8165 0.575788 -5.36333 -3.72477 -3.93149 -0.945286 -4.69813 -1.62303 -2.48251 -0.602329 -1.92852 -0.478978 
-29.3088 -3.75957 -0.12595 -6.62819 -1.65091 -3.36247 -1.2314 -4.30664 0.704327 -1.81392 -0.226237 -1.56406 0.583717 
-30.2654 -4.38818 0.196447 -7.27426 -0.858619 -2.89733 -2.49928 -4.01745 0.545938 -2.69197 -0.977506 -0.898112 -0.520653 
-31.49 -3.33838 -1.37955 -6.88843 1.23282 -5.33134 -0.560065 -2.69681 -1.35146 -2.01135 -0.199065 -1.43879 0.336596 
-36.4061 -9.1519 -2.91973 -6.53666 -2.10752 -5.87707 -1.86891 -4.72323 -0.496686 -2.81802 -0.79286 -1.73664 -0.205838 
-32.5374 -3.82735 -2.8705 -6.27751 0.270291 -6.23703 0.383475 -4.0803 0.153683 -2.15785 -0.704099 -0.784495 -0.0536988 
-36.5954 -4.9827 -2.6621 -7.12346 0.845262 -6.56254 -0.00827106 -4.15103 -1.04849 -2.2617 -0.787193 -0.90229 -0.103433 
-45.1734 -6.06333 -2.10744 -8.07236 0.601432 -7.15057 0.0826303 -5.01782 -0.683559 -3.10522 -0.389816 -1.41493 0.0348218 
-66.502 -10.7142 0.199002 -12.2737 0.857185 -7.99365 -2.56523 -5.45611 -1.46942 -4.76245 -0.20022 -2.49624 0.0418846 
-33.1923 -5.81378 0.470011 -8.0231 -0.556185 -3.35697 -2.7141 -2.74554 -1.01834 -2.97764 -0.496655 -0.992051 -0.491651 
-65.7926 -10.9555 0.318967 -11.7962 -0.255942 -7.54334 -1.9011 -6.15656 -1.16852 -5.05674 -0.421125 -2.16093 -0.113206 
-55.2488 -13.476 -1.99174 -8.43293 -1.90975 -7.40303 -1.98778 -6.07028 -1.18884 -3.98016 -0.905701 -2.15121 -0.0950298 
-56.4243 -14.0336 -2.41628 -8.99434 -2.19541 -7.62481 -2.00868 -6.31976 -1.70261 -4.4932 -1.39778 -2.65783 -0.519562 
-34.022 -7.31047 1.89504 -8.08381 -4.65503 -3.35265 -1.8796 -2.52632 -0.447529 -3.54306 -0.0193407 -0.653864 -0.765497 
-36.775 -7.87765 1.24657 -6.90466 -2.79754 -3.68834 -1.31455 -3.49878 -1.07531 -2.85138 0.0395129 -1.25965 -0.192916 
-40.0809 -10.1948 1.57433 -6.57807 -2.96829 -3.50556 -1.9511 -4.63573 -1.74561 -2.76587 -0.783576 -1.43337 0.0954393 
-52.2251 -12.7965 -1.5909 -7.95294 -1.66987 -6.39959 -1.21188 -4.93653 -0.975832 -3.82717 -1.10869 -2.38707 -0.324011 
-81.4534 -17.7735 -2.27138 -12.3557 -1.75404 -10.1545 -1.40052 -8.65323 -1.40742 -5.80923 -1.01113 -2.96743 -0.0838387 
-185.594 -33.5362 -2.17315 -27.3664 -1.99852 -23.7898 -1.71389 -19.1471 -1.37933 -13.4622 -0.822291 -6.84198 -0.119716 
-252.275 -43.72 -2.17315 -36.9585 -1.99852 -32.2325 -1.71389 -25.9498 -1.37933 -18.2297 -0.822291 -9.29704 -0.119716 
-318.956 -53.9039 -2.17315 -46.5505 -1.99852 -40.6753 -1.71389 -32.7526 -1.37933 -22.9971 -0.822291 -11.7521 -0.119716 
-385.638 -64.0878 -2.17315 -56.1425 -1.99852 -49.118 -1.71389 -39.5553 -1.37933 -27.7645 -0.822291 -14.2072 -0.119716 
-452.319 -74.2716 -2.17315 -65.7345 -1.99852 -57.5607 -1.71389 -46.3581 -1.37933 -32.532 -0.822291 -16.6622 -0.119716 
-519 -84.4555 -2.17315 -75.3265 -1.99852 -66.0034 -1.71389 -53.1608 -1.37933 -37.2994 -0.822291 -19.1173 -0.119716 
-585.681 -94.6394 -2.17315 -84.9185 -1.99852 -74.4461 -1.71389 -59.9636 -1.37933 -42.0668 -0.822291 -21.5723 -0.119716 
-652.363 -104.823 -2.17315 -94.5105 -1.99852 -82.8888 -1.71389 -66.7663 -1.37933 -46.8343 -0.822291 -24.0274 -0.119716 
-719.044 -115.007 -2.17315 -104.103 -1.99852 -91.3315 -1.71389 -73.5691 -1.37933 -51.6017 -0.822291 -26.4824 -0.119716 
-785.725 -125.191 -2.17315 -113.695 -1.99852 -99.7742 -1.71389 -80.3718 -1.37933 -56.3692 -0.822291 -28.9375 -0.119716 
-852.406 -135.375 -2.17315 -123.287 -1.99852 -108.217 -1.71389 -87.1746 -1.37933 -61.1366 -0.822291 -31.3926 -0.119716 
-919.088 -145.559 -2.17315 -132.879 -1.99852 -116.66 -1.71389 -93.9773 -1.37933 -65.904 -0.822291 -33.8476 -0.119716 
-985.769 -155.743 -2.17315 -142.471 -1.99852 -125.102 -1.71389 -100.78 -1.37933 -70.6715 -0.822291 -36.3027 -0.119716 
-1052.45 -165.926 -2.17315 -152.063 -1.99852 -133.545 -1.71389 -107.583 -1.37933 -75.4389 -0.822291 -38.7577 -0.119716 
-1119.13 -176.11 -2.17315 -161.655 -1.99852 -141.988 -1.71389 -114.386 -1.37933 -80.2063 -0.822291 -41.2128 -0.119716 
-1185.81 -186.294 -2.17315 -171.247 -1.99852 -150.43 -1.71389 -121.188 -1.37933 -84.9738 -0.822291 -43.6678 -0.119716 
-1252.49 -196.478 -2.17315 -180.839 -1.99852 -158.873 -1.71389 -127.991 -1.37933 -89.7412 -0.822291 -46.1229 -0.119716 
-1319.18 -206.662 -2.17315 -190.431 -1.99852 -167.316 -1.71389 -134.794 -1.37933 -94.5086 -0.822291 -48.578 -0.119716 
-1385.86 -216.846 -2.17315 -200.023 -1.99852 -175.759 -1.71389 -141.597 -1.37933 -99.2761 -0.822291 -51.033 -0.119716 
-1452.54 -227.03 -2.17315 -209.615 -1.99852 -184.201 -1.71389 -148.399 -1.37933 -104.044 -0.822291 -53.4881 -0.119716 
-1519.22 -237.213 -2.17315 -219.207 -1.99852 -192.644 -1.71389 -155.202 -1.37933 -108.811 -0.822291 -55.9431 -0.119716 
-1585.9 -247.397 -2.17315 -228.799 -1.99852 -201.087 -1.71389 -162.005 -1.37933 -113.578 -0.822291 -58.3982 -0.119716 
-1652.58 -257.581 -2.17315 -238.391 -1.99852 -209.529 -1.71389 -168.808 -1.37933 -118.346 -0.822291 -60.8532 -0.119716 
-1719.26 -267.765 -2.17315 -247.983 -1.99852 -217.972 -1.71389 -175.61 -1.37933 -123.113 -0.822291 -63.3083 -0.119716 
-1785.94 -277.949 -2.17315 -257.575 -1.99852 -226.415 -1.71389 -182.413 -1.37933 -127.881 -0.822291 -65.7634 -0.119716 
-1852.63 -288.133 -2.17315 -267.167 -1.99852 -234.858 -1.71389 -189.216 -1.37933 -132.648 -0.822291 -68.2184 -0.119716 
-1919.31 -298.317 -2.17315 -276.759 -1.99852 -243.3 -1.71389 -196.019 -1.37933 -137.416 -0.822291 -70.6735 -0.119716 
-1985.99 -308.5 -2.17315 -286.351 -1.99852 -251.743 -1.71389 -202.821 -1.37933 -142.183 -0.822291 -73.1285 -0.119716 
-2052.67 -318.684 -2.17315 -295.943 -1.99852 -260.186 -1.71389 -209.624 -1.37933 -146.95 -0.822291 -75.5836 -0.119716 
-2119.35 -328.868 -2.17315 -305.535 -1.99852 -268.628 -1.71389 -216.427 -1.37933 -151.718 -0.822291 -78.0387 -0.119716 
-2186.03 -339.052 -2.17315 -315.127 -1.99852 -277.071 -1.71389 -223.23 -1.37933 -156.485 -0.822291 -80.4937 -0.119716 
-2252.71 -349.236 -2.17315 -324.719 -1.99852 -285.514 -1.71389 -230.032 -1.37933 -161.253 -0.822291 -82.9488 -0.119716 
-2319.39 -359.42 -2.17315 -334.311 -1.99852 -293.957 -1.71389 -236.835 -1.37933 -166.02 -0.822291 -85.4038 -0.119716 
-2386.08 -369.604 -2.17315 -343.903 -1.99852 -302.399 -1.71389 -243.638 -1.37933 -170.788 -0.822291 -87.8589 -0.119716 
-2452.76 -379.787 -2.17315 -353.495 -1.99852 -310.842 -1.71389 -250.441 -1.37933 -175.555 -0.822291 -90.3139 -0.119716 
-2519.44 -389.971 -2.17315 -363.087 -1.99852 -319.285 -1.71389 -257.243 -1.37933 -180.323 -0.822291 -92.769 -0.119716 
-2586.12 -400.155 -2.17315 -372.679 -1.99852 -327.727 -1.71389 -264.046 -1.37933 -185.09 -0.822291 -95.2241 -0.119716 
-2652.8 -410.339 -2.17315 -382.271 -1.99852 -336.17 -1.71389 -270.849 -1.37933 -189.857 -0.822291 -97.6791 -0.119716 
-2719.48 -420.523 -2.17315 -391.863 -1.99852 -344.613 -1.71389 -277.652 -1.37933 -194.625 -0.822291 -100.134 -0.119716 
-2786.16 -430.707 -2.17315 -401.455 -1.99852 -353.056 -1.71389 -284.454 -1.37933 -199.392 -0.822291 -102.589 -0.119716 
-2852.84 -440.891 -2.17315 -411.047 -1.99852 -361.498 -1.71389 -291.257 -1.37933 -204.16 -0.822291 -105.044 -0.119716 
-2919.53 -451.075 -2.17315 -420.639 -1.99852 -369.941 -1.71389 -298.06 -1.37933 -208.927 -0.822291 -107.499 -0.119716 
-2986.21 -461.258 -2.17315 -430.231 -1.99852 -378.384 -1.71389 -304.863 -1.37933 -213.695 -0.822291 -109.954 -0.119716 
-3052.89 -471.442 -2.17315 -439.823 -1.99852 -386.826 -1.71389 -311.665 -1.37933 -218.462 -0.822291 -112.409 -0.119716 
-3119.57 -481.626 -2.17315 -449.415 -1.99852 -395.269 -1.71389 -318.468 -1.37933 -223.229 -0.822291 -114.865 -0.119716 
-3186.25 -491.81 -2.17315 -459.007 -1.99852 -403.712 -1.71389 -325.271 -1.37933 -227.997 -0.822291 -117.32 -0.119716 
-3252.93 -501.994 -2.17315 -468.599 -1.99852 -412.155 -1.71389 -332.074 -1.37933 -232.764 -0.822291 -119.775 -0.119716 
-3319.61 -512.178 -2.17315 -478.191 -1.99852 -420.597 -1.71389 -338.876 -1.37933 -237.532 -0.822291 -122.23 -0.119716 
-3386.3 -522.362 -2.17315 -487.783 -1.99852 -429.04 -1.71389 -345.679 -1.37933 -242.299 -0.822291 -124.685 -0.119716 
-3452.98 -532.545 -2.17315 -497.375 -1.99852 -437.483 -1.71389 -352.482 -1.37933 -247.067 -0.822291 -127.14 -0.119716 
-3519.66 -542.729 -2.17315 -506.967 -1.99852 -445.925 -1.71389 -359.285 -1.37933 -251.834 -0.822291 -129.595 -0.119716 
-3586.34 -552.913 -2.17315 -516.559 -1.99852 -454.368 -1.71389 -366.087 -1.37933 -256.601 -0.822291 -132.05 -0.119716 
-3653.02 -563.097 -2.17315 -526.151 -1.99852 -462.811 -1.71389 -372.89 -1.37933 -261.369 -0.822291 -134.505 -0.119716 
-3719.7 -573.281 -2.17315 -535.743 -1.99852 -471.254 -1.71389 -379.693 -1.37933 -266.136 -0.822291 -136.96 -0.119716 
-3786.38 -583.465 -2.17315 -545.335 -1.99852 -479.696 -1.71389 -386.496 -1.37933 -270.904 -0.822291 -139.415 -0.119716 
-3853.06 -593.649 -2.17315 -554.927 -1.99852 -488.139 -1.71389 -393.298 -1.37933 -275.671 -0.822291 -141.87 -0.119716 
-3919.75 -603.832 -2.17315 -564.519 -1.99852 -496.582 -1.71389 -400.101 -1.37933 -280.439 -0.822291 -144.325 -0.119716 
-3986.43 -614.016 -2.17315 -574.111 -1.99852 -505.024 -1.71389 -406.904 -1.37933 -285.206 -0.822291 -146.78 -0.119716 
-4053.11 -624.2 -2.17315 -583.703 -1.99852 -513.467 -1.71389 -413.707 -1.37933 -289.974 -0.822291 -149.235 -0.119716 
-4119.79 -634.384 -2.17315 -593.295 -1.99852 -521.91 -1.71389 -420.509 -1.37933 -294.741 -0.822291 -151.69 -0.119716 
-4186.47 -644.568 -2.17315 -602.887 -1.99852 -530.352 -1.71389 -427.312 -1.37933 -299.508 -0.822291 -154.145 -0.119716 
-4253.15 -654.752 -2.17315 -612.479 -1.99852 -538.795 -1.71389 -434.115 -1.37933 -304.276 -0.822291 -156.601 -0.119716 
-4319.83 -664.936 -2.17315 -622.071 -1.99852 -547.238 -1.71389 -440.918 -1.37933 -309.043 -0.822291 -159.056 -0.119716 
-4386.51 -675.119 -2.17315 -631.663 -1.99852 -555.681 -1.71389 -447.72 -1.37933 -313.811 -0.822291 -161.511 -0.119716 
-4453.2 -685.303 -2.17315 -641.255 -1.99852 -564.123 -1.71389 -454.523 -1.37933 -318.578 -0.822291 -163.966 -0.119716 
-4519.88 -695.487 -2.17315 -650.847 -1.99852 -572.566 -1.71389 -461.326 -1.37933 -323.346 -0.822291 -166.421 -0.119716 
-4586.56 -705.671 -2.17315 -660.439 -1.99852 -581.009 -1.71389 -468.129 -1.37933 -328.113 -0.822291 -168.876 -0.119716 
-4653.24 -715.855 -2.17315 -670.031 -1.99852 -589.451 -1.71389 -474.931 -1.37933 -332.88 -0.822291 -171.331 -0.119716 
-4719.92 -726.039 -2.17315 -679.623 -1.99852 -597.894 -1.71389 -481.734 -1.37933 -337.648 -0.822291 -173.786 -0.119716 
-4786.6 -736.223 -2.17315 -689.215 -1.99852 -606.337 -1.71389 -488.537 -1.37933 -342.415 -0.822291 -176.241 -0.119716 
-4853.28 -746.407 -2.17315 -698.807 -1.99852 -614.78 -1.71389 -495.34 -1.37933 -347.183 -0.822291 -178.696 -0.119716 
-4919.96 -756.59 -2.17315 -708.399 -1.99852 -623.222 -1.71389 -502.142 -1.37933 -351.95 -0.822291 -181.151 -0.119716 
-4986.65 -766.774 -2.17315 -717.991 -1.99852 -631.665 -1.71389 -508.945 -1.37933 -356.718 -0.822291 -183.606 -0.119716 
-5053.33 -776.958 -2.17315 -727.583 -1.99852 -640.108 -1.71389 -515.748 -1.37933 -361.485 -0.822291 -186.061 -0.119716 
-5120.01 -787.142 -2.17315 -737.175 -1.99852 -648.55 -1.71389 -522.551 -1.37933 -366.253 -0.822291 -188.516 -0.119716 
-5186.69 -797.326 -2.17315 -746.767 -1.99852 -656.993 -1.71389 -529.353 -1.37933 -371.02 -0.822291 -190.971 -0.119716 
-5253.37 -807.51 -2.17315 -756.359 -1.99852 -665.436 -1.71389 -536.156 -1.37933 -375.787 -0.822291 -193.426 -0.119716 
-5320.05 -817.694 -2.17315 -765.951 -1.99852 -673.879 -1.71389 -542.959 -1.37933 -380.555 -0.822291 -195.881 -0.119716 
-5386.73 -827.877 -2.17315 -775.543 -1.99852 -682.321 -1.71389 -549.762 -1.37933 -385.322 -0.822291 -198.336 -0.119716 
-5453.41 -838.061 -2.17315 -785.135 -1.99852 -690.764 -1.71389 -556.564 -1.37933 -390.09 -0.822291 -200.792 -0.119716 
-5520.1 -848.245 -2.17315 -794.727 -1.99852 -699.207 -1.71389 -563.367 -1.37933 -394.857 -0.822291 -203.247 -0.119716 
-5586.78 -858.429 -2.17315 -804.319 -1.99852 -707.649 -1.71389 -570.17 -1.37933 -399.625 -0.822291 -205.702 -0.119716 
-5653.46 -868.613 -2.17315 -813.911 -1.99852 -716.092 -1.71389 -576.973 -1.37933 -404.392 -0.822291 -208.157 -0.119716 
-5720.14 -878.797 -2.17315 -823.503 -1.99852 -724.535 -1.71389 -583.775 -1.37933 -409.159 -0.822291 -210.612 -0.119716 
-5786.82 -888.981 -2.17315 -833.096 -1.99852 -732.978 -1.71389 -590.578 -1.37933 -413.927 -0.822291 -213.067 -0.119716 
-5853.5 -899.164 -2.17315 -842.688 -1.99852 -741.42 -1.71389 -597.381 -1.37933 -418.694 -0.822291 -215.522 -0.119716 
-5920.18 -909.348 -2.17315 -852.28 -1.99852 -749.863 -1.71389 -604.184 -1.37933 -423.462 -0.822291 -217.977 -0.119716 
-5986.87 -919.532 -2.17315 -861.872 -1.99852 -758.306 -1.71389 -610.986 -1.37933 -428.229 -0.822291 -220.432 -0.119716 
-6053.55 -929.716 -2.17315 -871.464 -1.99852 -766.748 -1.71389 -617.789 -1.37933 -432.997 -0.822291 -222.887 -0.119716 
-6120.23 -939.9 -2.17315 -881.056 -1.99852 -775.191 -1.71389 -624.592 -1.37933 -437.764 -0.822291 -225.342 -0.119716 
-6186.91 -950.084 -2.17315 -890.648 -1.99852 -783.634 -1.71389 -631.395 -1.37933 -442.532 -0.822291 -227.797 -0.119716 
-6253.59 -960.268 -2.17315 -900.24 -1.99852 -792.077 -1.71389 -638.197 -1.37933 -447.299 -0.822291 -230.252 -0.119716 
-6320.27 -970.451 -2.17315 -909.832 -1.99852 -800.519 -1.71389 -645 -1.37933 -452.066 -0.822291 -232.707 -0.119716 
-51.6795 -8.83018 -4.27014 -11.636 0.356454 -8.01345 -2.10923 -5.53712 -1.09227 -4.46551 -1.07809 -1.50258 -0.791931 
-25.3867 -3.87407 -3.35417 -7.53976 1.1115 -3.86784 -2.39223 -2.46421 0.25306 -1.6829 -0.72421 -1.4594 0.210174 
-22.6094 -1.41487 1.8713 -2.49083 1.4986 -1.32508 0.268391 -3.32135 1.1469 -0.84587 -1.09224 -1.25375 -0.198155 
-29.5419 -1.40973 6.54261 0.117864 0.0130904 -2.65211 0.688858 -4.56236 0.104807 -1.43246 0.755292 -1.647 0.0560474 
-39.9234 -4.64532 0.587579 -6.12892 -0.443375 -6.1516 -1.01806 -5.34206 -0.741714 -3.4949 0.084985 -1.35471 0.343685 
-39.8138 -9.60403 -0.798149 -5.44916 -0.771167 -4.39329 -0.401964 -3.21067 -0.0782129 -2.82478 -1.20451 -2.05373 -0.338879 
-27.0024 -1.40153 2.00314 -3.06487 1.07252 -3.37299 0.818289 -2.72937 -0.385269 -2.44546 0.0894745 -0.419354 0.842484 
-34.377 -4.1123 1.47519 -5.00092 -0.721636 -5.21555 -0.385458 -2.70867 -0.200992 -3.58744 0.129615 -0.928719 0.130261 
-64.3393 -8.54086 -0.00108957 -12.0834 0.355451 -7.44145 -1.47228 -6.46378 -0.219291 -5.06618 -0.00611533 -2.34085 -0.141424 
-140.613 -26.6665 -2.17315 -20.896 -1.99852 -18.0947 -1.71389 -14.5582 -1.37933 -10.2463 -0.822291 -5.18588 -0.119716 
-207.294 -36.8504 -2.17315 -30.488 -1.99852 -26.5374 -1.71389 -21.3609 -1.37933 -15.0137 -0.822291 -7.64094 -0.119716 
-273.975 -47.0342 -2.17315 -40.08 -1.99852 -34.9801 -1.71389 -28.1637 -1.37933 -19.7812 -0.822291 -10.096 -0.119716 
-340.657 -57.2181 -2.17315 -49.6721 -1.99852 -43.4228 -1.71389 -34.9664 -1.37933 -24.5486 -0.822291 -12.5511 -0.119716 
-407.338 -67.402 -2.17315 -59.2641 -1.99852 -51.8655 -1.71389 -41.7692 -1.37933 -29.316 -0.822291 -15.0061 -0.119716 
-474.019 -77.5858 -2.17315 -68.8561 -1.99852 -60.3082 -1.71389 -48.5719 -1.37933 -34.0835 -0.822291 -17.4612 -0.119716 
-540.701 -87.7697 -2.17315 -78.4481 -1.99852 -68.7509 -1.71389 -55.3747 -1.37933 -38.8509 -0.822291 -19.9162 -0.119716 
-607.382 -97.9535 -2.17315 -88.0401 -1.99852 -77.1937 -1.71389 -62.1774 -1.37933 -43.6183 -0.822291 -22.3713 -0.119716 
-674.063 -108.137 -2.17315 -97.6321 -1.99852 -85.6364 -1.71389 -68.9802 -1.37933 -48.3858 -0.822291 -24.8263 -0.119716 
-740.744 -118.321 -2.17315 -107.224 -1.99852 -94.0791 -1.71389 -75.7829 -1.37933 -53.1532 -0.822291 -27.2814 -0.119716 
-807.426 -128.505 -2.17315 -116.816 -1.99852 -102.522 -1.71389 -82.5857 -1.37933 -57.9207 -0.822291 -29.7365 -0.119716 
-874.107 -138.689 -2.17315 -126.408 -1.99852 -110.965 -1.71389 -89.3884 -1.37933 -62.6881 -0.822291 -32.1915 -0.119716 
-940.788 -148.873 -2.17315 -136 -1.99852 -119.407 -1.71389 -96.1912 -1.37933 -67.4555 -0.822291 -34.6466 -0.119716 
-1007.47 -159.057 -2.17315 -145.592 -1.99852 -127.85 -1.71389 -102.994 -1.37933 -72.223 -0.822291 -37.1016 -0.119716 
-1074.15 -169.241 -2.17315 -155.184 -1.99852 -136.293 -1.71389 -109.797 -1.37933 -76.9904 -0.822291 -39.5567 -0.119716 
-1140.83 -179.424 -2.17315 -164.776 -1.99852 -144.735 -1.71389 -116.599 -1.37933 -81.7578 -0.822291 -42.0118 -0.119716 
-1207.51 -189.608 -2.17315 -174.368 -1.99852 -153.178 -1.71389 -123.402 -1.37933 -86.5253 -0.822291 -44.4668 -0.119716 
-1274.19 -199.792 -2.17315 -183.96 -1.99852 -161.621 -1.71389 -130.205 -1.37933 -91.2927 -0.822291 -46.9219 -0.119716 
-1340.88 -209.976 -2.17315 -193.552 -1.99852 -170.063 -1.71389 -137.008 -1.37933 -96.0601 -0.822291 -49.3769 -0.119716 
-1407.56 -220.16 -2.17315 -203.144 -1.99852 -178.506 -1.71389 -143.81 -1.37933 -100.828 -0.822291 -51.832 -0.119716 
-1474.24 -230.344 -2.17315 -212.736 -1.99852 -186.949 -1.71389 -150.613 -1.37933 -105.595 -0.822291 -54.287 -0.119716 
-1540.92 -240.528 -2.17315 -222.328 -1.99852 -195.392 -1.71389 -157.416 -1.37933 -110.362 -0.822291 -56.7421 -0.119716 
-1607.6 -250.711 -2.17315 -231.92 -1.99852 -203.834 -1.71389 -164.219 -1.37933 -115.13 -0.822291 -59.1972 -0.119716 
-1674.28 -260.895 -2.17315 -241.512 -1.99852 -212.277 -1.71389 -171.021 -1.37933 -119.897 -0.822291 -61.6522 -0.119716 
-1740.96 -271.079 -2.17315 -251.104 -1.99852 -220.72 -1.71389 -177.824 -1.37933 -124.665 -0.822291 -64.1073 -0.119716 
-1807.64 -281.263 -2.17315 -260.696 -1.99852 -229.162 -1.71389 -184.627 -1.37933 -129.432 -0.822291 -66.5623 -0.119716 
-1874.33 -291.447 -2.17315 -270.288 -1.99852 -237.605 -1.71389 -191.43 -1.37933 -134.2 -0.822291 -69.0174 -0.119716 
-1941.01 -301.631 -2.17315 -279.88 -1.99852 -246.048 -1.71389 -198.232 -1.37933 -138.967 -0.822291 -71.4724 -0.119716 
-2007.69 -311.815 -2.17315 -289.472 -1.99852 -254.491 -1.71389 -205.035 -1.37933 -143.735 -0.822291 -73.9275 -0.119716 
-2074.37 -321.999 -2.17315 -299.064 -1.99852 -262.933 -1.71389 -211.838 -1.37933 -148.502 -0.822291 -76.3826 -0.119716 
-2141.05 -332.182 -2.17315 -308.656 -1.99852 -271.376 -1.71389 -218.641 -1.37933 -153.269 -0.822291 -78.8376 -0.119716 
-2207.73 -342.366 -2.17315 -318.248 -1.99852 -279.819 -1.71389 -225.443 -1.37933 -158.037 -0.822291 -81.2927 -0.119716 
-2274.41 -352.55 -2.17315 -327.84 -1.99852 -288.261 -1.71389 -232.246 -1.37933 -162.804 -0.822291 -83.7477 -0.119716 
-2341.1 -362.734 -2.17315 -337.432 -1.99852 -296.704 -1.71389 -239.049 -1.37933 -167.572 -0.822291 -86.2028 -0.119716 
-2407.78 -372.918 -2.17315 -347.024 -1.99852 -305.147 -1.71389 -245.852 -1.37933 -172.339 -0.822291 -88.6578 -0.119716 
-2474.46 -383.102 -2.17315 -356.616 -1.99852 -313.59 -1.71389 -252.654 -1.37933 -177.107 -0.822291 -91.1129 -0.119716 
-2541.14 -393.286 -2.17315 -366.208 -1.99852 -322.032 -1.71389 -259.457 -1.37933 -181.874 -0.822291 -93.568 -0.119716 
-2607.82 -403.469 -2.17315 -375.8 -1.99852 -330.475 -1.71389 -266.26 -1.37933 -186.641 -0.822291 -96.023 -0.119716 
-2674.5 -413.653 -2.17315 -385.392 -1.99852 -338.918 -1.71389 -273.063 -1.37933 -191.409 -0.822291 -98.4781 -0.119716 
-2741.18 -423.837 -2.17315 -394.985 -1.99852 -347.36 -1.71389 -279.865 -1.37933 -196.176 -0.822291 -100.933 -0.119716 
-2807.86 -434.021 -2.17315 -404.577 -1.99852 -355.803 -1.71389 -286.668 -1.37933 -200.944 -0.822291 -103.388 -0.119716 
-2874.55 -444.205 -2.17315 -414.169 -1.99852 -364.246 -1.71389 -293.471 -1.37933 -205.711 -0.822291 -105.843 -0.119716 
-2941.23 -454.389 -2.17315 -423.761 -1.99852 -372.689 -1.71389 -300.274 -1.37933 -210.479 -0.822291 -108.298 -0.119716 
-3007.91 -464.573 -2.17315 -433.353 -1.99852 -381.131 -1.71389 -307.076 -1.37933 -215.246 -0.822291 -110.753 -0.119716 
-3074.59 -474.756 -2.17315 -442.945 -1.99852 -389.574 -1.71389 -313.879 -1.37933 -220.013 -0.822291 -113.208 -0.119716 
-3141.27 -484.94 -2.17315 -452.537 -1.99852 -398.017 -1.71389 -320.682 -1.37933 -224.781 -0.822291 -115.663 -0.119716 
-3207.95 -495.124 -2.17315 -462.129 -1.99852 -406.459 -1.71389 -327.485 -1.37933 -229.548 -0.822291 -118.119 -0.119716 
-3274.63 -505.308 -2.17315 -471.721 -1.99852 -414.902 -1.71389 -334.287 -1.37933 -234.316 -0.822291 -120.574 -0.119716 
-3341.31 -515.492 -2.17315 -481.313 -1.99852 -423.345 -1.71389 -341.09 -1.37933 -239.083 -0.822291 -123.029 -0.119716 
-3408 -525.676 -2.17315 -490.905 -1.99852 -431.788 -1.71389 -347.893 -1.37933 -243.851 -0.822291 -125.484 -0.119716 
-3474.68 -535.86 -2.17315 -500.497 -1.99852 -440.23 -1.71389 -354.696 -1.37933 -248.618 -0.822291 -127.939 -0.119716 
-3541.36 -546.043 -2.17315 -510.089 -1.99852 -448.673 -1.71389 -361.498 -1.37933 -253.386 -0.822291 -130.394 -0.119716 
-3608.04 -556.227 -2.17315 -519.681 -1.99852 -457.116 -1.71389 -368.301 -1.37933 -258.153 -0.822291 -132.849 -0.119716 
-3674.72 -566.411 -2.17315 -529.273 -1.99852 -465.558 -1.71389 -375.104 -1.37933 -262.92 -0.822291 -135.304 -0.119716 
-3741.4 -576.595 -2.17315 -538.865 -1.99852 -474.001 -1.71389 -381.907 -1.37933 -267.688 -0.822291 -137.759 -0.119716 
-3808.08 -586.779 -2.17315 -548.457 -1.99852 -482.444 -1.71389 -388.709 -1.37933 -272.455 -0.822291 -140.214 -0.119716 
-3874.76 -596.963 -2.17315 -558.049 -1.99852 -490.886 -1.71389 -395.512 -1.37933 -277.223 -0.822291 -142.669 -0.119716 
-3941.45 -607.147 -2.17315 -567.641 -1.99852 -499.329 -1.71389 -402.315 -1.37933 -281.99 -0.822291 -145.124 -0.119716 
-4008.13 -617.33 -2.17315 -577.233 -1.99852 -507.772 -1.71389 -409.118 -1.37933 -286.758 -0.822291 -147.579 -0.119716 
-4074.81 -627.514 -2.17315 -586.825 -1.99852 -516.215 -1.71389 -415.92 -1.37933 -291.525 -0.822291 -150.034 -0.119716 
-4141.49 -637.698 -2.17315 -596.417 -1.99852 -524.657 -1.71389 -422.723 -1.37933 -296.292 -0.822291 -152.489 -0.119716 
-4208.17 -647.882 -2.17315 -606.009 -1.99852 -533.1 -1.71389 -429.526 -1.37933 -301.06 -0.822291 -154.944 -0.119716 
-4274.85 -658.066 -2.17315 -615.601 -1.99852 -541.543 -1.71389 -436.329 -1.37933 -305.827 -0.822291 -157.399 -0.119716 
-4341.53 -668.25 -2.17315 -625.193 -1.99852 -549.985 -1.71389 -443.131 -1.37933 -310.595 -0.822291 -159.855 -0.119716 
-4408.21 -678.434 -2.17315 -634.785 -1.99852 -558.428 -1.71389 -449.934 -1.37933 -315.362 -0.822291 -162.31 -0.119716 
-4474.9 -688.618 -2.17315 -644.377 -1.99852 -566.871 -1.71389 -456.737 -1.37933 -320.13 -0.822291 -164.765 -0.119716 
-4541.58 -698.801 -2.17315 -653.969 -1.99852 -575.314 -1.71389 -463.54 -1.37933 -324.897 -0.822291 -167.22 -0.119716 
-4608.26 -708.985 -2.17315 -663.561 -1.99852 -583.756 -1.71389 -470.342 -1.37933 -329.665 -0.822291 -169.675 -0.119716 
-4674.94 -719.169 -2.17315 -673.153 -1.99852 -592.199 -1.71389 -477.145 -1.37933 -334.432 -0.822291 -172.13 -0.119716 
-4741.62 -729.353 -2.17315 -682.745 -1.99852 -600.642 -1.71389 -483.948 -1.37933 -339.199 -0.822291 -174.585 -0.119716 
-4808.3 -739.537 -2.17315 -692.337 -1.99852 -609.084 -1.71389 -490.751 -1.37933 -343.967 -0.822291 -177.04 -0.119716 
-4874.98 -749.721 -2.17315 -701.929 -1.99852 -617.527 -1.71389 -497.553 -1.37933 -348.734 -0.822291 -179.495 -0.119716 
-4941.67 -759.905 -2.17315 -711.521 -1.99852 -625.97 -1.71389 -504.356 -1.37933 -353.502 -0.822291 -181.95 -0.119716 
-5008.35 -770.088 -2.17315 -721.113 -1.99852 -634.413 -1.71389 -511.159 -1.37933 -358.269 -0.822291 -184.405 -0.119716 
-5075.03 -780.272 -2.17315 -730.705 -1.99852 -642.855 -1.71389 -517.962 -1.37933 -363.037 -0.822291 -186.86 -0.119716 
-5141.71 -790.456 -2.17315 -740.297 -1.99852 -651.298 -1.71389 -524.764 -1.37933 -367.804 -0.822291 -189.315 -0.119716 
-57.1385 -8.86014 -2.24811 -8.15321 -0.124798 -8.95511 -0.189245 -6.81928 -0.539824 -4.9174 0.173389 -2.57146 0.314426 