356
13
Yes
Phillip
-61.4146 -11.6238 0.475971 -6.69777 -2.20486 -7.19734 -0.81224 -8.2273 0.71656 -5.19112 0.123381 -2.88889 0.582783 
-145.741 -27.4497 -2.17315 -21.6337 -1.99852 -18.744 -1.71389 -15.0814 -1.37933 -10.6129 -0.822291 -5.37469 -0.119716 
-212.422 -37.6336 -2.17315 -31.2257 -1.99852 -27.1867 -1.71389 -21.8841 -1.37933 -15.3804 -0.822291 -7.82975 -0.119716 
-279.104 -47.8174 -2.17315 -40.8177 -1.99852 -35.6294 -1.71389 -28.6869 -1.37933 -20.1478 -0.822291 -10.2848 -0.119716 
-345.785 -58.0013 -2.17315 -50.4097 -1.99852 -44.0721 -1.71389 -35.4896 -1.37933 -24.9152 -0.822291 -12.7399 -0.119716 
-412.466 -68.1852 -2.17315 -60.0017 -1.99852 -52.5148 -1.71389 -42.2924 -1.37933 -29.6827 -0.822291 -15.1949 -0.119716 
-479.147 -78.369 -2.17315 -69.5937 -1.99852 -60.9575 -1.71389 -49.0951 -1.37933 -34.4501 -0.822291 -17.65 -0.119716 
-545.829 -88.5529 -2.17315 -79.1858 -1.99852 -69.4002 -1.71389 -55.8979 -1.37933 -39.2175 -0.822291 -20.105 -0.119716 
-612.51 -98.7367 -2.17315 -88.7778 -1.99852 -77.8429 -1.71389 -62.7006 -1.37933 -43.985 -0.822291 -22.5601 -0.119716 
-679.191 -108.921 -2.17315 -98.3698 -1.99852 -86.2857 -1.71389 -69.5034 -1.37933 -48.7524 -0.822291 -25.0152 -0.119716 
-745.873 -119.104 -2.17315 -107.962 -1.99852 -94.7284 -1.71389 -76.3061 -1.37933 -53.5199 -0.822291 -27.4702 -0.119716 
-812.554 -129.288 -2.17315 -117.554 -1.99852 -103.171 -1.71389 -83.1089 -1.37933 -58.2873 -0.822291 -29.9253 -0.119716 
-879.235 -139.472 -2.17315 -127.146 -1.99852 -111.614 -1.71389 -89.9116 -1.37933 -63.0547 -0.822291 -32.3803 -0.119716 
-945.916 -149.656 -2.17315 -136.738 -1.99852 -120.056 -1.71389 -96.7144 -1.37933 -67.8222 -0.822291 -34.8354 -0.119716 
-1012.6 -159.84 -2.17315 -146.33 -1.99852 -128.499 -1.71389 -103.517 -1.37933 -72.5896 -0.822291 -37.2904 -0.119716 
-1079.28 -170.024 -2.17315 -155.922 -1.99852 -136.942 -1.71389 -110.32 -1.37933 -77.357 -0.822291 -39.7455 -0.119716 
-1145.96 -180.208 -2.17315 -165.514 -1.99852 -145.385 -1.71389 -117.123 -1.37933 -82.1245 -0.822291 -42.2006 -0.119716 
-1212.64 -190.391 -2.17315 -175.106 -1.99852 -153.827 -1.71389 -123.925 -1.37933 -86.8919 -0.822291 -44.6556 -0.119716 
-1279.32 -200.575 -2.17315 -184.698 -1.99852 -162.27 -1.71389 -130.728 -1.37933 -91.6593 -0.822291 -47.1107 -0.119716 
-1346 -210.759 -2.17315 -194.29 -1.99852 -170.713 -1.71389 -137.531 -1.37933 -96.4268 -0.822291 -49.5657 -0.119716 
-1412.69 -220.943 -2.17315 -203.882 -1.99852 -179.155 -1.71389 -144.334 -1.37933 -101.194 -0.822291 -52.0208 -0.119716 
-1479.37 -231.127 -2.17315 -213.474 -1.99852 -187.598 -1.71389 -151.136 -1.37933 -105.962 -0.822291 -54.4758 -0.119716 
-1546.05 -241.311 -2.17315 -223.066 -1.99852 -196.041 -1.71389 -157.939 -1.37933 -110.729 -0.822291 -56.9309 -0.119716 
-1612.73 -251.495 -2.17315 -232.658 -1.99852 -204.484 -1.71389 -164.742 -1.37933 -115.497 -0.822291 -59.386 -0.119716 
-1679.41 -261.679 -2.17315 -242.25 -1.99852 -212.926 -1.71389 -171.545 -1.37933 -120.264 -0.822291 -61.841 -0.119716 
-1746.09 -271.862 -2.17315 -251.842 -1.99852 -221.369 -1.71389 -178.347 -1.37933 -125.031 -0.822291 -64.2961 -0.119716 
-1812.77 -282.046 -2.17315 -261.434 -1.99852 -229.812 -1.71389 -185.15 -1.37933 -129.799 -0.822291 -66.7511 -0.119716 
-1879.45 -292.23 -2.17315 -271.026 -1.99852 -238.254 -1.71389 -191.953 -1.37933 -134.566 -0.822291 -69.2062 -0.119716 
-1946.14 -302.414 -2.17315 -280.618 -1.99852 -246.697 -1.71389 -198.756 -1.37933 -139.334 -0.822291 -71.6612 -0.119716 
-2012.82 -312.598 -2.17315 -290.21 -1.99852 -255.14 -1.71389 -205.558 -1.37933 -144.101 -0.822291 -74.1163 -0.119716 
-2079.5 -322.782 -2.17315 -299.802 -1.99852 -263.583 -1.71389 -212.361 -1.37933 -148.869 -0.822291 -76.5714 -0.119716 
-2146.18 -332.966 -2.17315 -309.394 -1.99852 -272.025 -1.71389 -219.164 -1.37933 -153.636 -0.822291 -79.0264 -0.119716 
-2212.86 -343.149 -2.17315 -318.986 -1.99852 -280.468 -1.71389 -225.967 -1.37933 -158.403 -0.822291 -81.4815 -0.119716 
-2279.54 -353.333 -2.17315 -328.578 -1.99852 -288.911 -1.71389 -232.769 -1.37933 -163.171 -0.822291 -83.9365 -0.119716 
-2346.22 -363.517 -2.17315 -338.17 -1.99852 -297.353 -1.71389 -239.572 -1.37933 -167.938 -0.822291 -86.3916 -0.119716 
-2412.9 -373.701 -2.17315 -347.762 -1.99852 -305.796 -1.71389 -246.375 -1.37933 -172.706 -0.822291 -88.8467 -0.119716 
-2479.59 -383.885 -2.17315 -357.354 -1.99852 -314.239 -1.71389 -253.178 -1.37933 -177.473 -0.822291 -91.3017 -0.119716 
-2546.27 -394.069 -2.17315 -366.946 -1.99852 -322.682 -1.71389 -259.98 -1.37933 -182.241 -0.822291 -93.7568 -0.119716 
-2612.95 -404.253 -2.17315 -376.538 -1.99852 -331.124 -1.71389 -266.783 -1.37933 -187.008 -0.822291 -96.2118 -0.119716 
-2679.63 -414.436 -2.17315 -386.13 -1.99852 -339.567 -1.71389 -273.586 -1.37933 -191.776 -0.822291 -98.6669 -0.119716 
-2746.31 -424.62 -2.17315 -395.722 -1.99852 -348.01 -1.71389 -280.389 -1.37933 -196.543 -0.822291 -101.122 -0.119716 
-2812.99 -434.804 -2.17315 -405.314 -1.99852 -356.452 -1.71389 -287.191 -1.37933 -201.31 -0.822291 -103.577 -0.119716 
-2879.67 -444.988 -2.17315 -414.906 -1.99852 -364.895 -1.71389 -293.994 -1.37933 -206.078 -0.822291 -106.032 -0.119716 
-2946.35 -455.172 -2.17315 -424.498 -1.99852 -373.338 -1.71389 -300.797 -1.37933 -210.845 -0.822291 -108.487 -0.119716 
-3013.04 -465.356 -2.17315 -434.09 -1.99852 -381.781 -1.71389 -307.6 -1.37933 -215.613 -0.822291 -110.942 -0.119716 
-3079.72 -475.54 -2.17315 -443.682 -1.99852 -390.223 -1.71389 -314.402 -1.37933 -220.38 -0.822291 -113.397 -0.119716 
-3146.4 -485.723 -2.17315 -453.274 -1.99852 -398.666 -1.71389 -321.205 -1.37933 -225.148 -0.822291 -115.852 -0.119716 
-3213.08 -495.907 -2.17315 -462.866 -1.99852 -407.109 -1.71389 -328.008 -1.37933 -229.915 -0.822291 -118.307 -0.119716 
-3279.76 -506.091 -2.17315 -472.458 -1.99852 -415.551 -1.71389 -334.811 -1.37933 -234.682 -0.822291 -120.762 -0.119716 
-3346.44 -516.275 -2.17315 -482.05 -1.99852 -423.994 -1.71389 -341.613 -1.37933 -239.45 -0.822291 -123.217 -0.119716 
-3413.12 -526.459 -2.17315 -491.642 -1.99852 -432.437 -1.71389 -348.416 -1.37933 -244.217 -0.822291 -125.673 -0.119716 
-3479.81 -536.643 -2.17315 -501.234 -1.99852 -440.88 -1.71389 -355.219 -1.37933 -248.985 -0.822291 -128.128 -0.119716 
-3546.49 -546.827 -2.17315 -510.826 -1.99852 -449.322 -1.71389 -362.022 -1.37933 -253.752 -0.822291 -130.583 -0.119716 
-3613.17 -557.011 -2.17315 -520.418 -1.99852 -457.765 -1.71389 -368.824 -1.37933 -258.52 -0.822291 -133.038 -0.119716 
-3679.85 -567.194 -2.17315 -530.01 -1.99852 -466.208 -1.71389 -375.627 -1.37933 -263.287 -0.822291 -135.493 -0.119716 
-3746.53 -577.378 -2.17315 -539.602 -1.99852 -474.65 -1.71389 -382.43 -1.37933 -268.054 -0.822291 -137.948 -0.119716 
-3813.21 -587.562 -2.17315 -549.194 -1.99852 -483.093 -1.71389 -389.233 -1.37933 -272.822 -0.822291 -140.403 -0.119716 
-3879.89 -597.746 -2.17315 -558.786 -1.99852 -491.536 -1.71389 -396.035 -1.37933 -277.589 -0.822291 -142.858 -0.119716 
-3946.57 -607.93 -2.17315 -568.378 -1.99852 -499.978 -1.71389 -402.838 -1.37933 -282.357 -0.822291 -145.313 -0.119716 
-4013.26 -618.114 -2.17315 -577.97 -1.99852 -508.421 -1.71389 -409.641 -1.37933 -287.124 -0.822291 -147.768 -0.119716 
-4079.94 -628.298 -2.17315 -587.562 -1.99852 -516.864 -1.71389 -416.444 -1.37933 -291.892 -0.822291 -150.223 -0.119716 
-4146.62 -638.481 -2.17315 -597.154 -1.99852 -525.307 -1.71389 -423.246 -1.37933 -296.659 -0.822291 -152.678 -0.119716 
-4213.3 -648.665 -2.17315 -606.746 -1.99852 -533.749 -1.71389 -430.049 -1.37933 -301.427 -0.822291 -155.133 -0.119716 
-4279.98 -658.849 -2.17315 -616.338 -1.99852 -542.192 -1.71389 -436.852 -1.37933 -306.194 -0.822291 -157.588 -0.119716 
-4346.66 -669.033 -2.17315 -625.93 -1.99852 -550.635 -1.71389 -443.655 -1.37933 -310.961 -0.822291 -160.043 -0.119716 
-4413.34 -679.217 -2.17315 -635.522 -1.99852 -559.077 -1.71389 -450.457 -1.37933 -315.729 -0.822291 -162.498 -0.119716 
-4480.02 -689.401 -2.17315 -645.115 -1.99852 -567.52 -1.71389 -457.26 -1.37933 -320.496 -0.822291 -164.953 -0.119716 
-4546.71 -699.585 -2.17315 -654.707 -1.99852 -575.963 -1.71389 -464.063 -1.37933 -325.264 -0.822291 -167.409 -0.119716 
-4613.39 -709.768 -2.17315 -664.299 -1.99852 -584.406 -1.71389 -470.866 -1.37933 -330.031 -0.822291 -169.864 -0.119716 
-4680.07 -719.952 -2.17315 -673.891 -1.99852 -592.848 -1.71389 -477.668 -1.37933 -334.799 -0.822291 -172.319 -0.119716 
-4746.75 -730.136 -2.17315 -683.483 -1.99852 -601.291 -1.71389 -484.471 -1.37933 -339.566 -0.822291 -174.774 -0.119716 
-4813.43 -740.32 -2.17315 -693.075 -1.99852 -609.734 -1.71389 -491.274 -1.37933 -344.333 -0.822291 -177.229 -0.119716 
-4880.11 -750.504 -2.17315 -702.667 -1.99852 -618.176 -1.71389 -498.077 -1.37933 -349.101 -0.822291 -179.684 -0.119716 
-4946.79 -760.688 -2.17315 -712.259 -1.99852 -626.619 -1.71389 -504.879 -1.37933 -353.868 -0.822291 -182.139 -0.119716 
-5013.47 -770.872 -2.17315 -721.851 -1.99852 -635.062 -1.71389 -511.682 -1.37933 -358.636 -0.822291 -184.594 -0.119716 
-5080.16 -781.055 -2.17315 -731.443 -1.99852 -643.505 -1.71389 -518.485 -1.37933 -363.403 -0.822291 -187.049 -0.119716 
-5146.84 -791.239 -2.17315 -741.035 -1.99852 -651.947 -1.71389 -525.288 -1.37933 -368.171 -0.822291 -189.504 -0.119716 
-5213.52 -801.423 -2.17315 -750.627 -1.99852 -660.39 -1.71389 -532.09 -1.37933 -372.938 -0.822291 -191.959 -0.119716 
-5280.2 -811.607 -2.17315 -760.219 -1.99852 -668.833 -1.71389 -538.893 -1.37933 -377.706 -0.822291 -194.414 -0.119716 
-5346.88 -821.791 -2.17315 -769.811 -1.99852 -677.275 -1.71389 -545.696 -1.37933 -382.473 -0.822291 -196.869 -0.119716 
-5413.56 -831.975 -2.17315 -779.403 -1.99852 -685.718 -1.71389 -552.499 -1.37933 -387.24 -0.822291 -199.324 -0.119716 
-5480.24 -842.159 -2.17315 -788.995 -1.99852 -694.161 -1.71389 -559.301 -1.37933 -392.008 -0.822291 -201.779 -0.119716 
-5546.92 -852.343 -2.17315 -798.587 -1.99852 -702.604 -1.71389 -566.104 -1.37933 -396.775 -0.822291 -204.234 -0.119716 
-5613.61 -862.526 -2.17315 -808.179 -1.99852 -711.046 -1.71389 -572.907 -1.37933 -401.543 -0.822291 -206.689 -0.119716 
-5680.29 -872.71 -2.17315 -817.771 -1.99852 -719.489 -1.71389 -579.71 -1.37933 -406.31 -0.822291 -209.144 -0.119716 
-5746.97 -882.894 -2.17315 -827.363 -1.99852 -727.932 -1.71389 -586.512 -1.37933 -411.078 -0.822291 -211.6 -0.119716 
-5813.65 -893.078 -2.17315 -836.955 -1.99852 -736.374 -1.71389 -593.315 -1.37933 -415.845 -0.822291 -214.055 -0.119716 
-5880.33 -903.262 -2.17315 -846.547 -1.99852 -744.817 -1.71389 -600.118 -1.37933 -420.612 -0.822291 -216.51 -0.119716 
-5947.01 -913.446 -2.17315 -856.139 -1.99852 -753.26 -1.71389 -606.921 -1.37933 -425.38 -0.822291 -218.965 -0.119716 
-6013.69 -923.63 -2.17315 -865.731 -1.99852 -761.703 -1.71389 -613.723 -1.37933 -430.147 -0.822291 -221.42 -0.119716 
-6080.38 -933.813 -2.17315 -875.323 -1.99852 -770.145 -1.71389 -620.526 -1.37933 -434.915 -0.822291 -223.875 -0.119716 
-6147.06 -943.997 -2.17315 -884.915 -1.99852 -778.588 -1.71389 -627.329 -1.37933 -439.682 -0.822291 -226.33 -0.119716 
-6213.74 -954.181 -2.17315 -894.507 -1.99852 -787.031 -1.71389 -634.132 -1.37933 -444.45 -0.822291 -228.785 -0.119716 
-6280.42 -964.365 -2.17315 -904.099 -1.99852 -795.473 -1.71389 -640.934 -1.37933 -449.217 -0.822291 -231.24 -0.119716 
-6347.1 -974.549 -2.17315 -913.691 -1.99852 -803.916 -1.71389 -647.737 -1.37933 -453.985 -0.822291 -233.695 -0.119716 
-6413.78 -984.733 -2.17315 -923.283 -1.99852 -812.359 -1.71389 -654.54 -1.37933 -458.752 -0.822291 -236.15 -0.119716 
-6480.46 -994.917 -2.17315 -932.875 -1.99852 -820.801 -1.71389 -661.343 -1.37933 -463.519 -0.822291 -238.605 -0.119716 
-6547.14 -1005.1 -2.17315 -942.467 -1.99852 -829.244 -1.71389 -668.145 -1.37933 -468.287 -0.822291 -241.06 -0.119716 
-6613.83 -1015.28 -2.17315 -952.059 -1.99852 -837.687 -1.71389 -674.948 -1.37933 -473.054 -0.822291 -243.515 -0.119716 
-6680.51 -1025.47 -2.17315 -961.651 -1.99852 -846.13 -1.71389 -681.751 -1.37933 -477.822 -0.822291 -245.97 -0.119716 
-6747.19 -1035.65 -2.17315 -971.243 -1.99852 -854.572 -1.71389 -688.554 -1.37933 -482.589 -0.822291 -248.425 -0.119716 
-6813.87 -1045.84 -2.17315 -980.835 -1.99852 -863.015 -1.71389 -695.356 -1.37933 -487.357 -0.822291 -250.88 -0.119716 
-6880.55 -1056.02 -2.17315 -990.427 -1.99852 -871.458 -1.71389 -702.159 -1.37933 -492.124 -0.822291 -253.336 -0.119716 
-6947.23 -1066.2 -2.17315 -1000.02 -1.99852 -879.9 -1.71389 -708.962 -1.37933 -496.891 -0.822291 -255.791 -0.119716 
-7013.91 -1076.39 -2.17315 -1009.61 -1.99852 -888.343 -1.71389 -715.765 -1.37933 -501.659 -0.822291 -258.246 -0.119716 
-7080.59 -1086.57 -2.17315 -1019.2 -1.99852 -896.786 -1.71389 -722.567 -1.37933 -506.426 -0.822291 -260.701 -0.119716 
-7147.28 -1096.76 -2.17315 -1028.8 -1.99852 -905.229 -1.71389 -729.37 -1.37933 -511.194 -0.822291 -263.156 -0.119716 
-7213.96 -1106.94 -2.17315 -1038.39 -1.99852 -913.671 -1.71389 -736.173 -1.37933 -515.961 -0.822291 -265.611 -0.119716 
-7280.64 -1117.12 -2.17315 -1047.98 -1.99852 -922.114 -1.71389 -742.976 -1.37933 -520.729 -0.822291 -268.066 -0.119716 
-7347.32 -1127.31 -2.17315 -1057.57 -1.99852 -930.557 -1.71389 -749.778 -1.37933 -525.496 -0.822291 -270.521 -0.119716 
-7414 -1137.49 -2.17315 -1067.16 -1.99852 -938.999 -1.71389 -756.581 -1.37933 -530.264 -0.822291 -272.976 -0.119716 
-7480.68 -1147.67 -2.17315 -1076.76 -1.99852 -947.442 -1.71389 -763.384 -1.37933 -535.031 -0.822291 -275.431 -0.119716 
-7547.36 -1157.86 -2.17315 -1086.35 -1.99852 -955.885 -1.71389 -770.187 -1.37933 -539.798 -0.822291 -277.886 -0.119716 
-7614.04 -1168.04 -2.17315 -1095.94 -1.99852 -964.328 -1.71389 -776.989 -1.37933 -544.566 -0.822291 -280.341 -0.119716 
-7680.73 -1178.23 -2.17315 -1105.53 -1.99852 -972.77 -1.71389 -783.792 -1.37933 -549.333 -0.822291 -282.796 -0.119716 
-7747.41 -1188.41 -2.17315 -1115.12 -1.99852 -981.213 -1.71389 -790.595 -1.37933 -554.101 -0.822291 -285.251 -0.119716 
-7814.09 -1198.59 -2.17315 -1124.72 -1.99852 -989.656 -1.71389 -797.398 -1.37933 -558.868 -0.822291 -287.706 -0.119716 
-7880.77 -1208.78 -2.17315 -1134.31 -1.99852 -998.098 -1.71389 -804.2 -1.37933 -563.636 -0.822291 -290.161 -0.119716 
-7947.45 -1218.96 -2.17315 -1143.9 -1.99852 -1006.54 -1.71389 -811.003 -1.37933 -568.403 -0.822291 -292.616 -0.119716 
-8014.13 -1229.15 -2.17315 -1153.49 -1.99852 -1014.98 -1.71389 -817.806 -1.37933 -573.17 -0.822291 -295.072 -0.119716 
-8080.81 -1239.33 -2.17315 -1163.08 -1.99852 -1023.43 -1.71389 -824.609 -1.37933 -577.938 -0.822291 -297.527 -0.119716 
-8147.49 -1249.51 -2.17315 -1172.68 -1.99852 -1031.87 -1.71389 -831.411 -1.37933 -582.705 -0.822291 -299.982 -0.119716 
-8214.18 -1259.7 -2.17315 -1182.27 -1.99852 -1040.31 -1.71389 -838.214 -1.37933 -587.473 -0.822291 -302.437 -0.119716 
-8280.86 -1269.88 -2.17315 -1191.86 -1.99852 -1048.75 -1.71389 -845.017 -1.37933 -592.24 -0.822291 -304.892 -0.119716 
-8347.54 -1280.06 -2.17315 -1201.45 -1.99852 -1057.2 -1.71389 -851.82 -1.37933 -597.008 -0.822291 -307.347 -0.119716 
-8414.22 -1290.25 -2.17315 -1211.04 -1.99852 -1065.64 -1.71389 -858.622 -1.37933 -601.775 -0.822291 -309.802 -0.119716 
-8480.9 -1300.43 -2.17315 -1220.64 -1.99852 -1074.08 -1.71389 -865.425 -1.37933 -606.542 -0.822291 -312.257 -0.119716 
-8547.58 -1310.62 -2.17315 -1230.23 -1.99852 -1082.53 -1.71389 -872.228 -1.37933 -611.31 -0.822291 -314.712 -0.119716 
-8614.26 -1320.8 -2.17315 -1239.82 -1.99852 -1090.97 -1.71389 -879.031 -1.37933 -616.077 -0.822291 -317.167 -0.119716 
-8680.95 -1330.98 -2.17315 -1249.41 -1.99852 -1099.41 -1.71389 -885.833 -1.37933 -620.845 -0.822291 -319.622 -0.119716 
-8747.63 -1341.17 -2.17315 -1259 -1.99852 -1107.85 -1.71389 -892.636 -1.37933 -625.612 -0.822291 -322.077 -0.119716 
-36.6232 -6.40219 4.54849 -1.09267 -2.08785 -3.89976 0.512001 -4.02604 0.532115 -2.87255 0.363781 -1.46183 -0.0969168 
-28.4118 -3.03177 7.43856 4.08744 0.513825 -3.20238 -0.711237 -4.73383 1.99545 -1.77983 -0.231637 -0.88415 0.0687838 
-27.0673 -2.72574 7.10545 2.79759 -0.770547 -2.91986 1.64786 -2.75613 -0.123082 -2.83365 1.14458 -0.651999 -0.382234 
-23.3575 -3.20422 5.35561 3.14892 -1.06033 -1.98145 0.695945 -2.58007 2.52992 -2.72005 0.337907 -2.00476 0.147244 
-16.1166 -3.11076 7.60188 6.67155 -0.876843 -0.241682 0.213647 -2.4736 1.05106 -3.35899 1.11563 -0.00816112 0.405868 
-17.3706 -0.527879 7.03496 4.72891 1.11867 -0.190101 0.17148 -3.02042 1.3864 -2.30351 1.54222 -0.215344 0.146306 
-20.9173 -1.97214 7.71084 5.56292 0.527131 -0.0942889 0.912612 -3.92002 1.73113 -1.68615 0.796807 -1.4684 -0.102057 
-15.5575 -2.83181 10.209 9.22327 -1.23343 -0.21725 0.501185 -1.99778 1.81046 -2.48122 1.7045 -0.184713 0.517542 
-15.7687 0.307839 9.35627 7.54025 0.49557 -1.95713 0.565207 -2.58689 1.11495 -2.09853 0.792649 0.231498 1.10786 
-16.3809 0.933842 8.73865 5.75236 0.662981 0.160272 1.23577 -3.32437 1.32687 -2.39846 1.35434 0.244011 1.13236 
-11.8103 -2.29889 7.74964 7.79987 -1.86007 -0.0399874 1.47107 -1.55605 1.84458 -2.5785 0.4939 -1.42423 0.917437 
-13.3631 1.76606 10.6327 7.78546 1.6987 -1.09109 0.559724 -1.82183 0.574544 -1.01829 1.62297 0.782392 1.43979 
-18.3838 2.60565 10.8614 7.12582 2.01441 -1.50682 1.07747 -3.22704 1.23167 -1.18086 2.07198 0.403982 0.32178 
-10.2439 0.434329 5.06995 4.4461 0.0632437 -0.43005 0.198445 -1.01974 3.23078 -2.05531 1.73716 -0.187336 0.843648 
-9.59313 1.42797 8.2786 8.01067 2.42751 -1.42793 -0.208416 -1.10625 0.0644436 -1.96066 2.17034 0.0492512 0.484486 
-6.86711 1.55315 7.26662 10.3363 0.933401 -2.59509 0.52791 -2.21498 1.6947 -1.96645 2.32637 0.0195252 0.510634 
-10.667 0.602015 5.59825 5.4843 0.0743192 -2.52479 -0.965051 -1.49439 2.1128 -2.16123 2.2714 -0.445943 0.783344 
-5.92459 1.21749 7.2909 7.31649 1.2549 -0.884345 -0.927787 -0.354441 1.35986 -1.94225 2.04625 -0.603233 0.0688336 
-6.91058 2.55573 9.10036 9.69352 -0.562388 -2.36874 0.518842 -2.28727 2.63745 -0.970598 1.70186 -0.691522 1.20476 
-12.779 2.29913 6.18924 5.88333 1.64551 -2.30968 -0.502806 -3.90395 2.12236 -1.4436 2.01202 0.189572 0.403066 
-5.64414 2.94194 4.88767 6.37546 2.13006 -3.18097 0.0685022 -0.883192 0.818628 -1.75054 1.2572 0.260763 1.28778 
-2.89486 3.55242 7.13738 9.34529 0.578682 -3.21245 1.64363 -0.889066 1.51492 -0.99888 1.69943 0.860378 0.700543 
-6.2124 2.68082 6.55679 8.70393 1.97875 -2.21547 -0.484214 -2.88678 1.38843 -1.88951 2.69448 0.96836 0.180332 
-3.11233 3.7057 5.43918 5.69323 0.403909 -3.25257 -0.275806 -0.883803 1.28927 -1.18295 1.18469 -0.511817 0.316732 
-3.07966 5.01621 8.24992 9.05935 2.1063 -2.67982 0.750284 -1.02068 0.743537 -1.07286 2.56416 1.01519 0.694567 
-0.804347 4.59455 6.08998 7.82392 0.090499 -3.36647 0.486753 -1.82275 1.57805 -1.12248 1.59111 0.224443 0.111064 
-0.893712 4.80234 5.39058 5.26171 1.10878 -1.40971 0.132522 -1.89171 0.673379 -1.35431 1.2553 0.644002 0.84233 
0.423098 6.03804 8.2173 8.45605 2.14856 -2.02607 0.246524 -0.887471 1.27715 -0.239326 1.60373 0.421739 0.523407 
3.97423 6.19748 5.75524 7.78162 0.312585 -2.72618 0.871547 -1.21674 2.47116 -0.281995 1.12718 0.503331 0.493088 
-1.07548 5.92519 6.0568 6.512 1.44809 -2.71964 -0.230557 -1.42036 2.37851 -1.29398 1.35107 0.874267 0.959449 
5.01064 5.65101 5.47516 9.20357 1.80233 -2.72413 0.279318 -1.1322 1.71099 -0.411861 1.13068 0.335237 0.930714 
1.94945 5.96988 6.2614 8.53149 1.44589 -3.06659 0.0585376 -0.506017 2.90033 -1.45859 0.845105 0.492185 1.31537 
-0.26211 5.52951 4.97978 6.97765 1.4686 -3.87792 -0.384035 -1.1887 2.77585 -0.840359 0.751931 -0.359204 -0.0270392 
3.35097 3.76879 3.58656 7.75092 2.10903 -1.29264 0.88614 -0.829828 1.85753 -0.843143 0.651545 0.79179 1.63689 
-3.28654 3.35945 3.44258 7.42684 2.97321 -3.05039 0.0940772 -1.57981 2.74376 -1.44487 0.240388 0.408304 0.83935 
-3.64706 1.67171 -0.219421 2.85877 0.510704 -5.74167 -1.51931 -1.69231 0.843958 -1.53484 -0.338846 -0.440677 0.237156 
0.453682 1.87973 0.134168 3.61669 0.309483 -0.697959 1.29326 -0.821851 3.20995 -0.225863 0.873677 -0.773901 0.876808 
3.20718 4.04399 2.68675 6.83875 2.65241 -2.16665 -1.65199 -1.91869 3.0842 -0.648803 0.40209 0.37747 -0.636391 
-4.7899 5.65252 2.70659 3.17096 2.72346 -5.21683 -1.57769 -0.977934 2.29505 -1.91823 0.194141 0.611738 0.440878 
-3.57505 3.58682 2.45914 2.24312 0.798711 -1.83223 0.287176 -1.39898 2.01394 -0.673739 0.513133 -0.00718204 0.491746 
7.88805 3.49095 1.36244 5.32162 0.719832 -1.86238 -1.3699 -0.801323 2.23481 -0.434241 -0.0482312 -0.117229 0.133272 
-0.225645 4.68166 4.33595 3.64663 1.47365 -1.72442 -1.91994 -0.831896 2.65221 -0.533008 0.593844 -0.656559 -0.00458245 
-4.83407 2.7469 2.95885 3.49045 0.0214836 -3.18408 -0.657807 -2.173 2.0145 -1.21532 0.247311 -0.261598 0.722929 
3.78444 2.67123 0.325359 2.51758 -0.975508 -2.41294 0.614168 -0.558652 1.15731 -0.264389 0.218532 0.12315 0.141712 
3.90532 5.74909 2.45026 2.68909 2.08438 -2.67861 -2.16031 -0.568379 1.24948 0.69803 0.735469 -1.56711 0.486095 
-6.72174 1.38858 0.171971 0.77916 0.271875 -3.10385 0.0196888 -1.1697 1.30704 -1.43168 0.441033 -0.662266 -0.0610746 
-6.82424 2.82409 2.5641 2.98913 1.60211 -2.9165 -0.433808 -1.90824 1.45211 -1.39852 0.583124 0.0218661 0.705496 
4.6558 1.12272 0.408266 4.31129 -1.83719 -3.26803 -0.13602 -0.103423 1.46064 -1.27308 -0.457399 -0.273651 0.557048 
-4.33372 0.545258 -1.27501 -0.0230498 -1.53868 -5.45353 -2.40453 -1.94989 1.20228 -0.562049 -0.343463 -1.7831 0.468936 
-5.06075 3.09933 1.42274 1.03689 0.263602 -2.81354 0.333986 -0.146167 1.94657 -1.21022 1.04338 -0.930022 0.3206 
-1.27439 1.19984 -0.547241 2.15796 -2.42535 -4.65607 -0.0143045 -1.25625 0.61462 -2.57999 0.494886 -0.360688 0.504017 
3.17332 4.26257 1.46277 3.243 0.267641 -1.82958 -0.430001 -1.97964 2.41318 0.415897 0.2578 -0.903629 0.315275 
-3.9184 3.51604 0.583929 0.285075 0.0912401 -3.24111 -0.48717 -1.83541 1.98022 -0.671177 -0.0369729 -0.601856 -0.158914 
-5.77169 3.26443 2.91771 1.56541 -1.28941 -4.26294 0.378421 -1.00117 1.26625 -1.48279 -0.0622396 -0.279025 -0.0799688 
4.64669 2.19152 -0.791721 3.20292 0.27546 -3.18343 -0.36893 -0.208418 1.23987 -0.425747 -0.218842 -0.0395742 0.46261 
-1.24441 3.49581 0.216169 1.47348 1.68542 -1.50908 -0.0604293 -0.312158 3.31273 0.233684 0.488831 -1.30767 0.869107 
-1.59284 1.72106 -2.35291 0.664835 -0.45427 -3.85739 0.0266164 -1.08083 2.19699 -0.543896 0.239262 -0.872309 0.893717 
-5.79213 0.127943 -3.44731 0.893105 1.67887 -4.09505 0.707744 -0.559204 1.104 -1.15686 -0.238923 -0.927153 1.21171 
3.35494 3.48034 -1.51227 3.37664 2.61369 -3.15904 -0.537208 -1.22807 1.1499 -0.154389 0.150683 -0.888242 0.710703 
-1.49105 1.60475 -1.61678 2.71544 2.45627 -3.26229 -0.614897 -1.68497 1.26985 -0.10436 -0.20053 -0.909922 0.116336 
-6.26847 2.03559 0.916484 2.34468 -1.37461 -5.1797 1.0321 -1.11513 1.43389 -1.11306 0.614395 -1.20091 0.520264 
-0.324492 -0.354531 -5.36498 -0.951513 -1.45105 -4.14437 -1.36667 -2.45895 1.1261 -1.4353 -0.356759 -0.77005 0.262855 
-0.530917 3.57006 -1.20175 1.55204 2.45337 -2.30915 -1.51582 -2.46325 2.53 0.0608272 0.172488 -1.49765 0.22752 
-6.76382 1.55761 -3.10693 0.983779 1.47692 -4.18487 1.22381 -2.38318 1.0169 -1.1479 0.481259 -1.22964 0.335281 
-9.28892 0.0875639 -0.650735 1.96672 1.58373 -2.38112 -0.17766 -3.2305 1.12849 -1.41143 0.21499 -1.93205 -0.0385619 
0.725234 2.33296 -2.15859 0.581464 -1.34624 -4.38241 -0.743441 -2.17224 0.920285 -1.44965 -0.383667 -0.862853 0.226923 
-5.81686 2.05998 0.109556 2.03396 2.06128 -3.10172 -0.686839 -1.0442 2.1041 -0.315511 0.933091 -2.10056 0.142448 
-10.3167 -0.0218384 -0.455845 0.178806 -1.51639 -4.98986 -0.325977 -3.1461 0.0537871 -0.944497 0.671608 -2.00362 -0.38815 
-11.591 2.31328 0.772088 0.464082 1.49007 -3.23863 -0.855981 -3.3345 0.757126 -2.36328 1.28019 -0.909191 0.174735 
-5.29166 1.13152 -0.992862 1.19467 -0.219122 -3.74414 0.523755 -1.43741 1.01875 -1.78548 0.0415887 -0.455444 0.708301 
-14.9302 -1.43038 -0.784215 1.55417 2.14676 -4.30559 -0.278145 -3.4761 0.0441892 -0.769246 0.661841 -0.47408 -0.10084 
-15.9364 -1.83507 -2.26183 -1.28698 -1.86027 -6.71347 -0.574339 -3.89252 -0.987643 -2.30097 0.609223 -1.71058 -0.19585 
-14.687 0.43465 1.33124 -1.52727 -0.319293 -5.82063 -2.06914 -1.13849 1.0512 -1.72053 -1.0485 -0.992302 0.649304 
-10.9158 3.84833 1.67983 -0.322185 0.671797 -4.01688 -0.600725 -1.71004 2.20705 -1.77735 0.664754 -1.53779 0.642537 
-18.1147 -1.80148 -0.688873 -2.05843 -0.304606 -5.41183 -2.03597 -2.92774 0.193015 -2.76659 -0.564789 -0.617579 0.569734 
-21.2136 -1.80544 0.288201 -1.60036 0.819797 -2.90341 -1.08026 -4.68109 1.11908 -1.61457 0.0527072 -0.803199 0.25281 
-19.0887 -2.8297 -1.45058 -2.06795 -1.10571 -5.46258 -0.537632 -3.87194 -0.530008 -1.17332 -0.214585 -1.6297 -0.246333 
-19.0208 -0.133961 0.0713792 -0.53871 2.96391 -4.19728 -1.33251 -2.78582 1.61226 -1.5212 0.266764 -0.609671 0.103342 
-20.292 -2.88577 -1.33174 -2.5834 -0.508734 -4.65985 -0.661857 -3.06361 0.324694 -1.63749 -0.57537 -1.64641 0.852265 
-21.9137 -1.19299 -0.0926242 -1.52848 1.06992 -5.84854 -0.378139 -2.72828 1.18454 -1.64023 -1.09518 -0.577658 -0.31914 
-26.1112 -5.14633 -1.60635 -3.04997 0.633143 -5.96832 -2.74478 -2.85215 0.727616 -2.23055 -0.696547 -0.346446 0.494519 
-26.1827 -5.40786 -3.73617 -3.98746 0.461879 -5.62852 -1.37721 -3.40352 1.92991 0.440279 0.126398 -1.69249 0.110837 
-23.7216 -1.89461 0.428649 -4.23055 -0.37763 -4.84399 -2.59117 -2.71381 1.77682 -2.00167 0.147258 -0.831086 -0.785849 
-25.2106 -4.2929 1.66419 -2.1804 -1.5182 -5.76725 -2.26141 -3.4504 0.391251 -0.937947 -0.839243 -1.17464 0.415915 
-30.739 -5.44253 2.51453 -3.41215 -0.808472 -4.67242 -2.13923 -2.52132 0.392905 -1.81044 -0.756994 -1.62148 -0.410938 
-27.3535 -4.29794 2.06394 -0.128092 0.88096 -5.92761 -2.20965 -2.65006 -0.575321 -2.28946 0.890947 -1.92022 0.0998068 
-26.2993 -1.24576 2.52159 -1.90582 -0.70825 -5.96264 -0.184626 -3.34575 -0.0857837 -1.13192 0.891175 -2.20595 0.00799089 
-36.2541 -7.30951 -1.83682 -5.34377 -1.38622 -6.0268 -1.55949 -4.16953 0.631009 -3.34351 -0.0676731 -1.8057 0.0601576 
-26.4514 -2.88794 1.73621 -3.20881 -1.14046 -6.21556 -2.08056 -3.01337 -0.427782 -1.5551 0.427091 -2.00052 0.13689 
-32.9202 -8.37051 -2.17902 -6.70972 -3.32693 -6.46346 -3.09148 -5.23504 -2.75297 -4.35923 -1.40452 -2.07308 0.0136996 
-37.6652 -7.5863 0.32117 -4.80154 -1.49693 -5.35869 -0.516897 -3.46687 -0.437108 -3.12579 -0.31571 -1.7345 -0.0321968 
-26.1002 -3.88382 1.62475 -3.0974 -1.10155 -4.68576 -1.78411 -2.76332 -0.910001 -2.18759 0.857244 -2.04314 0.41783 
-27.0031 -2.18621 2.73119 -3.1773 0.526017 -3.15 -0.742893 -3.21478 -0.0367169 -2.20673 0.0470074 -0.0678555 0.308384 
-30.2272 -7.7725 -0.481826 -4.14674 -3.02973 -4.67782 -1.00448 -4.48688 -2.06805 -2.61765 0.197512 -1.71537 0.626311 
-37.0912 -8.22225 1.28833 -3.78237 -1.54562 -5.74765 -1.80207 -4.52191 -0.831031 -2.53353 -1.40676 -1.44327 0.270558 
-33.7687 -7.58818 1.1013 -1.92537 -0.640565 -4.96435 -2.07481 -5.37155 -0.0250073 -2.25184 -0.968805 -1.27247 -0.320753 
-30.5364 -3.92346 2.16357 -5.25687 -0.0730017 -3.73343 -3.50925 -4.59706 -0.108502 -1.41307 -0.313677 -1.57155 0.562878 
-34.0479 -4.13906 1.88647 -5.72131 0.025093 -4.57657 -3.04594 -4.22747 1.00639 -1.94604 -0.73134 -1.26278 -0.805619 
-30.38 -4.18168 1.01954 -3.08003 -1.25229 -6.18135 -0.525456 -3.98043 0.695005 -1.69905 -1.569 -1.08414 0.473365 
-36.8378 -6.28906 1.69745 -5.45398 -0.112439 -8.02841 -3.34247 -1.2692 -0.978256 -2.7514 -1.42411 -1.51898 -0.00722582 
-43.0709 -11.1979 -1.17858 -8.86593 -3.1867 -6.59471 -3.48517 -5.51734 -3.076 -3.05827 -0.992577 -1.23839 -0.00201608 
-38.1844 -12.2139 -4.25143 -6.35749 -1.62746 -5.77486 -2.80221 -4.02658 -1.22086 -3.30683 -0.580389 -2.64491 -0.0303609 
-37.6673 -10.9868 1.45736 -4.5624 -2.67833 -3.88899 -2.70873 -4 -0.621118 -2.68012 -0.923829 -1.20733 -0.514236 
-36.5845 -8.71849 2.77069 -3.09462 -2.12526 -6.16725 -1.34112 -2.47252 -1.81362 -2.34354 -0.11256 -1.20723 -0.694247 
-36.8392 -10.9796 -0.48172 -5.27451 -2.64534 -3.73084 -0.640856 -3.14848 -1.20075 -3.0109 -1.08945 -1.60546 0.0396597 
-37.2821 -10.9112 4.09964 -2.5096 -2.07964 -4.81633 -3.56094 -3.29127 -2.3666 -2.35399 -0.331299 -1.15667 -0.547201 
-32.8355 -8.41678 1.46985 -3.77268 -0.558408 -4.57047 -3.32214 -3.43807 -2.39977 -1.9558 0.20624 -1.51064 0.557377 
-35.5593 -12.4443 -2.02197 -5.70015 -4.33673 -7.50367 -2.68367 -3.42162 -2.47962 -2.15492 -1.49952 -1.78439 -0.200634 
-39.2605 -13.8297 -2.11243 -7.08899 -3.9512 -4.02222 -4.14606 -5.39062 -1.87613 -4.18234 -0.448029 -1.56425 -0.432178 
-43.3094 -13.37 0.483644 -7.18873 -3.01438 -4.90735 -5.17869 -4.99205 -1.71823 -2.91477 -1.48105 -1.65564 1.14414 
-37.0824 -11.7295 -1.423 -5.28792 -2.24826 -4.72113 -2.23142 -3.98134 -2.54914 -3.03351 -0.546396 -2.07377 1.70747 
-36.9794 -11.0302 -0.541971 -6.23414 -1.68291 -6.60816 -4.58987 -2.20605 -1.64898 -3.03047 -1.24131 -1.18723 -0.447783 
-38.0538 -10.1213 2.70883 -6.65236 -1.18815 -3.94495 -3.39116 -1.87559 -3.65395 -2.40957 -0.552689 -1.52768 0.128358 
-36.6096 -11.193 1.63262 -4.93403 -2.13206 -3.47496 -4.34089 -4.51151 -1.94468 -3.13027 -1.06536 -1.03676 0.497908 
-38.5696 -14.6564 -2.47247 -7.8863 -3.91072 -4.73018 -4.85005 -4.5675 -2.15763 -3.29997 -1.64269 -1.33381 -0.921769 
-36.7656 -10.4728 1.1224 -4.30272 -2.02834 -4.57972 -2.23351 -3.88052 -0.801674 -1.36821 -1.52377 -1.52684 -0.0539405 
-42.8098 -11.9888 1.83039 -7.74088 -5.05215 -6.18297 -3.97019 -3.73819 -2.08218 -3.67375 -1.25535 -1.40999 -0.418424 
-40.5743 -11.325 2.12137 -3.43311 -2.30915 -5.58123 -2.92555 -4.47792 -0.679993 -2.62036 -1.77203 -0.863076 0.307977 
-41.1511 -13.0009 -2.26364 -9.27734 -4.52747 -6.90218 -3.6265 -4.88944 -3.45443 -2.93908 -2.7133 -1.83926 0.928802 
-38.3286 -9.9354 1.93033 -4.85834 -2.57859 -3.6307 -1.4581 -4.22919 -2.15011 -3.36905 -0.212151 -0.610487 0.427334 
-42.9088 -12.0973 0.150854 -5.51515 -3.37339 -5.95559 -2.0533 -3.66846 -0.679738 -3.81788 -1.11982 -1.50899 -0.167088 
-36.8583 -12.8213 0.82726 -4.27948 -2.61566 -5.21641 -3.46743 -2.31838 -2.25157 -2.41796 -0.120264 -1.19674 -0.917588 
-39.6838 -13.1316 -1.1846 -6.14407 -1.14466 -4.33569 -2.74426 -2.94083 -2.27591 -2.71424 -1.08893 -1.65449 -1.80506 
-41.7643 -13.8767 -1.18785 -8.64153 -4.91531 -5.54089 -2.50069 -3.17688 -3.08649 -3.93651 -1.80672 -1.27124 -0.0189949 
-42.2864 -14.9524 0.637549 -5.56225 -3.7088 -5.11122 -3.76399 -4.04791 -1.65024 -1.96448 -1.77423 -1.23643 0.401614 
-43.662 -13.2933 -0.35229 -7.38507 -4.61171 -6.15698 -4.78783 -6.57271 -0.634132 -2.40717 -2.02687 -1.56164 -0.83181 
-39.3145 -14.2965 -1.88896 -5.45282 0.780374 -5.93067 -5.46683 -2.62 -2.8736 -2.34602 -2.09568 -1.35867 -0.468379 
-43.1873 -14.1905 -0.999769 -5.71995 -1.54407 -5.81001 -3.75747 -5.15526 -3.3408 -1.99848 -0.707917 -1.39977 -0.0516182 
-52.7691 -19.7378 -4.36456 -8.92882 -3.80267 -5.40415 -4.05192 -6.96686 -3.2279 -5.18511 -2.34516 -1.61183 -0.977024 
-46.8297 -16.404 -4.92634 -8.81092 -4.1195 -7.62599 -4.003 -5.65429 -2.17674 -3.48858 -1.7875 -2.05252 0.428627 
-40.955 -9.40943 2.87041 -4.91984 -1.24997 -4.24451 -2.12689 -5.11087 -1.93348 -2.2196 -1.06578 -0.210001 -0.327325 
-38.0402 -8.90592 0.682998 -4.96522 -0.966528 -5.30792 -0.833848 -3.43403 -2.16664 -2.39375 -1.025 -1.12981 -0.669621 
-42.1456 -13.0216 -2.032 -6.04014 -1.11399 -4.91269 -2.54155 -4.11307 -1.14009 -3.34403 -1.39862 -1.22098 -0.937659 
-38.8487 -13.591 -0.994122 -6.81282 -3.32392 -4.25192 -2.35466 -3.39546 -2.18166 -2.62623 -2.07996 -0.896391 0.201758 
-43.9238 -18.919 -5.93659 -9.472 -4.53893 -5.44086 -4.77768 -4.08516 -0.947596 -3.33407 -1.4791 -0.279934 -0.47048 
-41.5203 -13.072 -2.61104 -6.72803 -1.46009 -4.0475 -3.29499 -4.26226 -0.0289128 -2.24168 0.0850587 -2.24994 0.295854 
-40.1982 -13.8604 -1.28864 -5.90968 0.291604 -1.82523 -2.08438 -3.77956 -1.87814 -1.61672 -2.3649 -1.69177 0.897166 
-41.978 -15.7886 -5.56132 -8.61648 -1.79819 -4.77384 -3.34879 -4.97816 -2.72593 -3.10092 -2.35287 -1.84251 0.235762 
-39.6856 -14.2167 -0.062199 -5.74562 -0.607518 -2.97801 -3.15952 -2.29803 -2.02239 -1.69272 -1.24098 -1.39291 -1.53509 
-41.3822 -16.1127 -3.31212 -6.75865 -4.05464 -7.02484 -3.60454 -4.61378 -3.11465 -3.24666 -2.301 -0.672203 -0.370884 
-39.0529 -11.4592 0.913031 -5.59361 -1.52432 -3.5264 -4.04402 -5.10828 -1.23738 -2.2377 -1.48332 -1.13721 0.316085 
-40.4438 -13.6782 0.122151 -7.16177 -4.23002 -5.09504 -4.22597 -4.23707 -2.05512 -2.37741 -1.35794 -1.57348 -0.814341 
-44.381 -15.9591 -1.80408 -7.00441 -1.20827 -1.95728 -2.96423 -2.97692 0.943973 -1.69767 -1.10087 -1.32478 0.0173309 
-42.0512 -16.9874 -0.518819 -6.25726 -5.88738 -5.6168 -2.68455 -3.08062 -1.94742 -1.78148 -2.19692 -1.36997 0.844288 
-43.7126 -16.5459 -3.4814 -7.21146 -2.31823 -4.30348 -3.89293 -5.46117 -0.178645 -0.548984 -1.47375 -1.17682 -0.338623 
-41.6692 -14.5552 -4.12906 -9.28745 -5.11439 -7.8572 -5.37116 -5.65418 -2.25959 -3.78462 -2.64978 -2.30262 -0.354746 
-41.2891 -14.8261 2.88244 -4.31967 -3.08669 -3.40851 -2.31236 -3.40801 -3.36769 -2.45461 -1.94179 -0.514084 -1.44632 
-36.0519 -12.7178 -0.671041 -4.9933 0.0981712 -3.79884 -3.65924 -2.41179 -1.95876 -2.06948 -1.79013 -0.62161 -0.440491 
-43.029 -19.9262 -3.41499 -5.13271 -4.08062 -7.85504 -5.34208 -3.86371 -2.83781 -2.43277 -2.6727 -1.00569 0.197721 
-38.8725 -15.3474 -1.22335 -8.232 -3.57572 -3.04988 -2.42755 -1.83153 -2.64171 -1.34673 -2.00181 -1.94141 0.58252 
-39.4258 -17.5461 -2.76344 -7.05082 -3.11724 -4.27658 -3.15112 -2.30656 -3.22733 -1.29585 -1.94637 -1.74847 -0.349451 
-43.4146 -17.6744 -5.38628 -8.74475 -3.60836 -6.66152 -3.7716 -4.00046 -5.02671 -4.14586 -1.85915 -2.75704 0.218386 
-38.2713 -13.5415 -0.650287 -6.90199 -3.02186 -2.29759 -1.75598 -4.05313 -2.146 -1.55636 -1.58888 -1.25464 0.34196 
-36.5203 -11.0175 1.01999 -6.94038 -3.14315 -3.96991 -2.42236 -4.22725 -3.58648 -1.48602 -1.53693 -1.18816 -0.194223 
-36.6073 -14.2162 -0.906084 -6.41305 -3.3008 -4.53325 -3.30143 -3.86666 -3.2848 -1.31514 -2.15066 -0.970724 -0.342909 
-36.0578 -15.2996 -2.92021 -8.50978 -4.94915 -4.10898 -3.32818 -4.74399 -3.99391 -2.35479 -2.79835 -1.24208 -0.539863 
-34.0288 -11.1354 -0.0685347 -6.95041 -1.21864 -3.82987 -2.79921 -0.551086 -2.89833 -2.72867 -1.3506 -0.52877 -0.69967 
-37.3329 -16.1468 -5.8443 -11.4305 -7.19308 -6.42215 -4.49168 -4.99545 -4.43957 -3.95073 -2.38221 -1.64612 -0.877681 
-37.9804 -16.9034 -3.27974 -5.87921 -3.45252 -4.45926 -3.82888 -3.91663 -2.12263 -2.29609 -1.026 -0.429471 -0.390172 
-39.8994 -14.9633 -0.0880892 -5.59318 -1.23583 -1.05398 -0.77072 -2.36484 -2.71247 -3.30784 -2.67631 -1.25989 -1.34362 
-35.8179 -15.0994 -1.56205 -6.08987 -4.10801 -5.05775 -3.60573 -3.20968 -2.06765 -1.47768 -2.94121 -1.39749 -0.132308 
-35.2748 -12.547 0.571903 -6.61579 0.537209 -3.984 -6.13975 -1.11858 -2.91733 -1.52076 -1.46325 -0.26769 -0.452035 
-43.584 -22.4473 -7.28705 -10.6888 -5.95831 -6.78853 -7.37095 -5.35287 -5.26623 -4.11017 -3.44719 -2.41743 -0.236925 
-37.0922 -14.9389 -2.74431 -5.31519 -3.50667 -6.08967 -2.62026 -2.86495 -2.01978 -2.38402 -1.5635 -0.691002 -0.0485791 
-37.4135 -15.2736 -1.46964 -5.53322 -3.08051 -5.2053 -4.82901 -3.43796 -2.45818 -2.04669 -0.85681 -1.78269 -0.839112 
-37.6002 -16.8554 -2.55258 -7.72522 -3.53781 -5.89597 -4.71506 -1.33543 -3.12611 -1.68257 -2.13591 -0.373429 -0.757367 
-37.2829 -15.4418 -2.65032 -7.36483 -3.02568 -5.87109 -2.86974 -2.30303 -4.45363 -1.63683 -2.47917 -0.739229 -0.506847 
-35.2198 -13.1402 0.207046 -6.13015 -2.32496 -3.02024 -2.93777 -2.51504 -2.07419 -1.8982 -2.68434 -0.201428 -0.524887 
-37.5656 -14.9924 -4.13874 -8.76462 -2.04536 -5.04266 -3.64201 -2.86893 -3.85878 -2.40412 -2.59456 -0.940834 -0.186547 
-40.5287 -16.3371 -2.66428 -7.315 -1.28803 -3.36697 -3.52772 -2.68988 -1.94033 -1.80574 -2.67771 -0.994978 -0.0462706 
-41.9465 -16.1478 -0.760234 -6.17351 -1.04491 -3.64311 -4.57948 -3.52717 -3.82385 -2.64362 -1.10209 -1.46366 -0.754578 
-20.0525 -7.0892 -1.95572 -6.6987 -2.71564 -0.792338 -1.74444 -3.07288 -1.30242 -1.00863 -1.39316 -1.41574 0.589858 
-19.1122 -5.33401 -0.343316 -2.97319 3.59796 -0.000335305 -1.70119 -0.258303 -0.661086 -0.716649 -0.582436 -0.367206 -0.900569 
-20.6548 -1.13166 5.38054 -2.74435 1.72295 0.0140911 -1.21514 -1.91268 -1.61396 -0.757369 0.227102 -0.0843516 0.0426102 
-25.0214 -5.17588 4.35194 -3.70822 -0.951028 -1.76183 -2.34777 -1.70843 -0.509783 -0.681222 -1.13528 -0.141573 0.315966 
-33.0314 -8.87279 2.65276 -6.31826 -2.62143 -1.82837 -1.31181 -2.22329 -0.615505 -1.01666 -1.44703 0.226362 -0.0601948 
-29.7902 -6.39462 3.69359 -3.81176 -1.49361 -2.16666 -1.65812 -2.42255 -0.559433 -1.79194 -1.18451 -1.51391 0.942519 
-28.3157 -7.83685 2.55427 -4.62175 -1.33027 -1.25733 -1.34171 -3.15537 -2.55082 -0.348368 -0.38283 -0.419248 -0.379615 
-41.9728 -13.6252 -0.348884 -6.42683 -2.01303 -4.94134 -2.95942 -3.30246 -2.17888 -1.76433 -1.34489 -1.46053 0.632577 
-34.4555 -7.49553 -0.179944 -5.32021 -1.79956 -5.35135 -2.24963 -3.69656 -0.588157 -3.90578 -0.601345 -0.794598 -0.405238 
-42.4156 -12.4495 1.3396 -7.81281 -2.76244 -2.63712 -4.13271 -4.13467 0.168607 -1.62964 -1.24779 -1.75501 0.331345 
-42.9805 -14.0007 -1.43658 -10.0221 -6.61008 -6.0171 -3.26608 -5.22807 -2.83045 -3.1471 -1.46504 -0.960892 -0.586512 
-30.4678 -10.0687 1.37875 -2.78452 -1.92031 -4.40982 -2.97638 -3.26827 -0.876018 -1.37261 -2.33909 -0.665182 -0.347606 
-33.1817 -8.56987 1.88527 -4.78012 0.267127 -2.13682 -3.76569 -4.2509 -1.62406 -1.7545 -0.796483 -0.562412 0.35874 
-47.1933 -16.9024 -3.27797 -6.54351 -1.84145 -4.92123 -2.3609 -3.94484 -0.253736 -2.16636 -1.05292 -0.447315 0.143066 
-40.1886 -11.0284 -0.752641 -5.57871 -1.51658 -4.56967 -1.0739 -2.77249 -1.41334 -3.96476 -0.519053 -1.4745 -0.0010092 
-45.7048 -13.6515 0.857823 -4.92586 -1.89815 -3.68889 -1.20915 -3.90027 -1.17197 -3.6529 -1.77649 -2.08155 -0.619402 
-42.103 -15.8345 0.649113 -3.70976 -2.34696 -4.9533 -5.01699 -3.06135 -1.02059 -4.53471 -2.14565 -0.739133 0.138369 
-42.7814 -15.4308 -2.37508 -3.43763 1.50941 -5.78233 -5.64144 -4.46964 -1.32801 -2.70457 -0.884199 -0.849835 -0.536118 
-40.6614 -11.9592 0.0646961 -5.56183 -1.52884 -5.56442 -3.50378 -3.10669 -1.21166 -3.16782 -1.3023 -1.21997 -0.678165 
-38.2712 -10.2714 -1.92311 -5.03885 -0.782907 -4.4926 -2.07276 -4.52321 -0.298545 -3.86617 -1.08402 -1.58427 0.173844 
-41.132 -11.1289 3.69136 -7.18769 -4.79414 -5.95688 -3.3012 -3.59804 -3.79393 -2.22188 -1.18047 -1.26908 -1.00609 
-40.4643 -10.3101 3.5544 -6.60292 -1.8086 -3.72928 -2.9368 -3.66207 -2.59566 -1.40201 -1.60095 -0.512338 -0.477571 
-49.4462 -14.341 -3.56237 -9.47798 -3.82445 -7.97145 -3.26376 -5.88309 -2.71012 -4.81946 -1.99381 -1.98867 -0.148617 
-50.6004 -13.016 -1.80193 -7.8775 -1.88386 -6.07776 -1.07054 -4.51027 -0.782074 -2.9767 -0.301648 -1.4843 0.435034 
-41.455 -13.3022 -1.29043 -5.75479 -1.71845 -4.0949 -2.73372 -4.03859 -0.847881 -2.9412 -1.19561 -1.80107 0.181126 
-51.9602 -15.7842 -4.10153 -9.59011 -3.50515 -8.02732 -3.71488 -7.25775 -4.13891 -5.03082 -1.88331 -2.25002 -0.546344 
-43.9409 -13.6429 -1.27779 -6.44456 -2.14474 -5.42999 -3.56825 -5.33766 -1.36359 -3.05369 -1.71788 -1.16846 -0.92456 
-45.1758 -13.3996 -1.11304 -5.05209 -0.787002 -7.31607 -3.10772 -3.50943 -1.95129 -2.5767 -0.97525 -2.35274 0.0952023 
-58.7111 -17.4946 1.82328 -6.46275 -4.29692 -7.09393 -1.82581 -4.44088 -1.98939 -3.57868 -0.796508 -1.50718 -0.393756 
-52.1092 -16.7472 -0.0156258 -6.76514 -3.98741 -6.46742 -2.86441 -4.80198 -2.08483 -3.35002 -1.28768 -1.70437 -0.305028 
-65.8295 -15.5922 -1.37071 -9.65459 -1.63941 -7.79696 -1.41764 -6.63244 -1.67087 -4.99432 -1.4832 -2.35752 0.230229 
-62.2341 -14.9614 -2.36568 -9.8286 -2.29355 -8.32896 -1.99519 -6.82621 -1.62537 -4.83574 -0.983887 -2.24633 0.0184453 
-90.2824 -19.171 -2.24845 -13.662 -1.85766 -11.2688 -1.37021 -9.40911 -1.49559 -6.47139 -0.863213 -3.45851 -0.0282063 
-149.564 -28.0336 -2.17315 -22.1836 -1.99852 -19.228 -1.71389 -15.4714 -1.37933 -10.8863 -0.822291 -5.51545 -0.119716 
-216.245 -38.2175 -2.17315 -31.7757 -1.99852 -27.6707 -1.71389 -22.2741 -1.37933 -15.6537 -0.822291 -7.97051 -0.119716 
-282.927 -48.4013 -2.17315 -41.3677 -1.99852 -36.1135 -1.71389 -29.0769 -1.37933 -20.4211 -0.822291 -10.4256 -0.119716 
-349.608 -58.5852 -2.17315 -50.9597 -1.99852 -44.5562 -1.71389 -35.8796 -1.37933 -25.1886 -0.822291 -12.8806 -0.119716 
-416.289 -68.769 -2.17315 -60.5517 -1.99852 -52.9989 -1.71389 -42.6824 -1.37933 -29.956 -0.822291 -15.3357 -0.119716 
-482.971 -78.9529 -2.17315 -70.1437 -1.99852 -61.4416 -1.71389 -49.4851 -1.37933 -34.7234 -0.822291 -17.7907 -0.119716 
-549.652 -89.1368 -2.17315 -79.7357 -1.99852 -69.8843 -1.71389 -56.2879 -1.37933 -39.4909 -0.822291 -20.2458 -0.119716 
-616.333 -99.3206 -2.17315 -89.3277 -1.99852 -78.327 -1.71389 -63.0906 -1.37933 -44.2583 -0.822291 -22.7009 -0.119716 
-683.014 -109.504 -2.17315 -98.9197 -1.99852 -86.7697 -1.71389 -69.8934 -1.37933 -49.0258 -0.822291 -25.1559 -0.119716 
-749.696 -119.688 -2.17315 -108.512 -1.99852 -95.2124 -1.71389 -76.6961 -1.37933 -53.7932 -0.822291 -27.611 -0.119716 
-816.377 -129.872 -2.17315 -118.104 -1.99852 -103.655 -1.71389 -83.4989 -1.37933 -58.5606 -0.822291 -30.066 -0.119716 
-883.058 -140.056 -2.17315 -127.696 -1.99852 -112.098 -1.71389 -90.3016 -1.37933 -63.3281 -0.822291 -32.5211 -0.119716 
-949.74 -150.24 -2.17315 -137.288 -1.99852 -120.541 -1.71389 -97.1044 -1.37933 -68.0955 -0.822291 -34.9761 -0.119716 
-1016.42 -160.424 -2.17315 -146.88 -1.99852 -128.983 -1.71389 -103.907 -1.37933 -72.8629 -0.822291 -37.4312 -0.119716 
-1083.1 -170.608 -2.17315 -156.472 -1.99852 -137.426 -1.71389 -110.71 -1.37933 -77.6304 -0.822291 -39.8863 -0.119716 
-1149.78 -180.792 -2.17315 -166.064 -1.99852 -145.869 -1.71389 -117.513 -1.37933 -82.3978 -0.822291 -42.3413 -0.119716 
-1216.46 -190.975 -2.17315 -175.656 -1.99852 -154.311 -1.71389 -124.315 -1.37933 -87.1653 -0.822291 -44.7964 -0.119716 
-1283.15 -201.159 -2.17315 -185.248 -1.99852 -162.754 -1.71389 -131.118 -1.37933 -91.9327 -0.822291 -47.2514 -0.119716 
-1349.83 -211.343 -2.17315 -194.84 -1.99852 -171.197 -1.71389 -137.921 -1.37933 -96.7001 -0.822291 -49.7065 -0.119716 
-40.9657 -4.24468 1.17798 -5.68383 0.519561 -5.37468 0.121383 -4.31968 0.34415 -2.84895 0.210113 -1.43672 0.285751 
-29.2821 -0.771785 2.70203 -3.24558 2.27921 -2.05931 1.85714 -2.46823 -0.64755 -1.6203 1.01261 -2.59311 0.930645