591
13
No
Phillip
-13.8033 0.645476 3.2174 -0.625136 -0.470134 -2.96368 0.701151 0.464246 1.1898 -1.88515 0.0805242 0.311573 0.732487 
-19.4252 -5.65454 0.853437 0.317219 0.146167 -1.93742 0.381944 -2.01793 -0.561144 -0.896783 -0.105491 -1.06504 -0.797318 
-15.939 -3.27863 1.05014 0.814363 3.57443 0.559354 0.717749 -1.05265 0.78182 0.54064 1.05118 0.22921 0.0486981 
-12.6409 -1.38477 1.92463 -1.39116 0.0584843 -0.90439 -0.456304 -0.80522 0.474594 -0.62689 0.23188 -0.669993 -0.129901 
-17.1015 -1.60434 3.72857 -1.02622 0.417322 -1.3941 -0.290194 -0.507477 1.22298 -0.85243 -0.437397 0.524885 -0.563776 
-18.5854 -3.57052 1.67297 -0.291926 2.01169 -1.02522 -0.0488906 -0.450134 1.4919 -0.197095 0.432793 0.231777 -0.606335 
-19.2961 -3.66932 2.38904 -0.871891 0.906865 0.737995 2.54019 -0.537542 0.246834 -0.997543 -0.905003 -1.05649 -0.983318 
-15.4299 -1.0408 3.3306 0.0246816 -0.261601 -2.71168 0.268283 -1.74935 0.317353 -0.238447 -0.828247 -0.0278677 0.879779 
-18.9055 -4.86628 -0.364488 -0.966287 1.47642 -0.0511965 1.60176 -0.0433807 2.18987 -0.729896 -0.332095 -0.00928771 0.22856 
-16.7357 -0.91945 2.75988 -1.18799 1.13229 -0.893633 1.34291 0.373945 2.23406 0.182696 -0.227672 -0.193933 0.162037 
-20.8294 -4.72122 1.11749 -1.97862 0.822499 -1.45531 -0.205853 -0.992162 -1.22393 -1.92455 -0.146049 -0.8783 0.0456851 
-15.0056 -0.851028 2.23168 -1.50138 0.925593 -3.04524 -1.9054 -0.891486 0.12949 -1.48954 -0.823524 -0.398092 0.228829 
-17.809 -5.83 -0.131184 -0.428441 0.770804 -0.860393 0.295457 -0.892443 0.869303 0.0154266 0.739078 0.453566 0.000248667 
-18.4992 -3.01364 3.07021 1.54408 0.752797 -0.402538 1.81673 -0.630209 1.3062 -1.01951 1.69655 -0.559462 -0.05136 
-15.8784 -2.42613 1.26856 -2.84349 -0.474615 -1.90805 -0.660245 -0.824109 -0.463551 -1.12378 -0.028763 -0.83568 -0.0886465 
-16.0896 -2.4827 2.38766 -1.66187 -1.30161 -2.14205 0.564452 -0.250838 0.036436 -0.480377 0.299383 -0.777599 -0.226882 
-18.6661 -3.73409 0.780905 -1.56558 -0.0396328 -2.00428 0.277914 -0.315386 1.28098 -1.07513 -0.195941 -1.02632 -0.256451 
-19.5572 -3.60978 1.66684 1.49976 3.30605 -1.23525 0.260574 -0.634872 1.48141 -0.416998 0.854661 -0.563226 -0.449256 
-13.4247 -0.403437 3.55864 -0.434521 0.375728 -0.913475 -0.288239 -0.856893 0.778542 -0.905013 0.0202204 -0.373054 0.448975 
-21.8334 -5.34974 1.21663 0.879061 1.16792 -1.01242 2.28184 -0.663707 1.81631 0.475544 1.11774 0.255518 0.706812 
-16.9661 -2.88916 0.334677 -0.520607 1.18349 -1.68833 2.26645 0.676865 1.91688 0.476165 0.983264 0.477022 0.13327 
-23.8125 -3.58434 2.53885 0.263942 1.74363 -1.63264 1.81433 -0.904846 1.00173 -1.19341 -0.160535 -0.526397 0.758628 
-13.8619 -0.23805 2.56812 -1.63332 0.174079 -2.17153 -1.25741 -1.13016 0.61807 -1.12995 -0.183715 -0.397416 0.15157 
-21.765 -6.21073 -0.815893 -1.33901 1.73781 -0.843823 1.00887 -1.86932 0.0811897 0.0247723 -0.390015 -0.744774 -0.375464 
-16.1404 -3.08704 2.79812 0.894515 0.945062 0.201029 2.26177 -0.899457 0.0279695 0.520224 1.50093 0.63901 0.0913925 
-21.3313 -3.9328 0.533272 -2.76461 -1.71177 -4.91952 0.234058 -1.45643 -1.23303 -1.46426 -0.164752 -0.317553 -0.106267 
-14.2356 -0.299286 3.39658 -1.41083 -0.00882999 -1.00595 0.347363 -0.347766 1.06725 -0.937909 -0.298339 0.208868 0.0551627 
-17.4736 -4.14735 0.96213 -0.354238 1.24451 -1.97941 0.695388 0.442986 -0.323569 -0.200842 1.22709 -0.250339 -0.0664596 
-16.1158 -3.12367 1.18126 0.58394 0.701071 0.101736 2.11785 -0.46099 1.56339 -0.892009 1.39432 -0.500107 0.0941972 
-13.7249 -3.77473 0.417551 -1.96731 -0.903327 -1.23343 -0.466736 -0.658744 -0.24777 -1.05945 0.593618 -0.254656 -0.459526 
-16.1109 -2.69314 0.799999 0.176441 1.40744 -2.66861 1.28101 0.0634599 0.0566627 -1.03307 -0.393654 -0.306654 -0.291274 
-14.898 -1.82824 1.49745 -1.41671 0.985408 0.569381 2.26161 -0.179205 1.20546 0.162325 0.101486 0.0338137 0.0221209 
-17.4037 -2.87629 2.46286 0.369478 1.42987 -0.0114687 1.54527 -0.621915 0.862024 -0.55441 -0.134393 -1.27655 -0.40678 
-14.8965 -1.72291 2.14845 -0.764546 -0.570287 -3.46466 -1.0233 -0.371914 0.511462 -1.21318 0.300351 -0.639035 -0.0317963 
-16.7044 -0.298198 0.901515 -4.55692 -0.489369 -1.34535 -0.276077 -1.32793 0.675738 -2.27311 -0.115704 -0.345187 0.750076 
-15.2291 -1.59939 1.31764 -0.658704 1.45063 -0.718093 1.73473 -0.571157 -0.220789 -1.45734 0.430465 0.209869 -0.625117 
-17.5203 -3.18617 1.73602 -1.57525 0.137525 -1.47064 -0.30165 -1.22478 0.0300815 -0.851457 0.0094431 -0.314578 0.239357 
-14.305 -1.22631 2.30809 -1.62618 -0.532098 -2.41572 -0.979128 -1.97456 -0.0647111 -0.604993 -0.562754 -0.508178 -0.716012 
-17.7712 -2.72407 1.02782 -3.44598 -0.760982 -1.41112 0.543108 -0.264065 -0.703283 -1.39421 0.6976 -1.61577 0.0813694 
-16.8745 -3.04331 2.1593 2.65202 1.30455 -2.88162 1.12909 -1.13558 0.388417 0.0350803 1.68581 0.221954 -0.61874 
-15.0254 -2.13249 2.75725 0.206109 -0.115753 -2.74351 -0.559583 -1.46772 0.498672 0.497901 -0.298543 -1.02745 0.0800257 
-15.2713 -0.649476 0.855875 -0.96803 2.07966 -0.809165 1.87376 0.465781 1.65356 -0.902176 0.785158 0.19688 0.529693 
-14.603 -0.151994 1.69552 -2.53901 -1.48341 -2.59454 1.41933 -0.869928 0.739685 -0.73349 0.0929259 0.532185 0.0220574 
-19.4839 -4.43513 1.37983 0.411145 1.28715 -2.19505 1.31849 -0.458198 -0.375112 -0.306532 0.638679 -0.190813 -0.453232 
-12.3713 -0.152932 2.3678 -0.528742 -0.095012 -3.09264 -0.527327 -0.671851 0.408828 -0.460869 0.151779 -0.962948 -0.017614 
-18.2212 -2.74514 0.455321 -1.67731 1.09829 -1.80352 1.77315 -0.511076 0.884604 0.352495 0.0813312 0.179043 -0.601725 
-17.6903 -0.573706 1.95765 -2.20294 0.999273 -0.142243 2.93618 -0.330074 1.76092 1.3132 0.771599 -0.763753 0.415952 
-21.7127 -3.23922 2.54659 -1.97942 0.676968 -2.44919 -1.2611 -0.633231 1.26752 -1.50272 -0.630749 -0.445141 -0.621482 
-12.3671 -0.723979 1.21969 -1.22008 -0.316048 -2.09578 -0.37787 -1.61373 0.888706 -1.086 0.00802784 0.139389 -0.592431 
-17.6527 -4.30962 0.704664 -0.0427876 -0.207544 -3.41893 0.229908 -0.466897 -0.136498 -1.22306 0.252436 -0.789286 -0.472566 
-17.317 -1.97642 2.67005 0.869448 2.35432 -0.337234 2.79517 -0.141665 -0.527918 0.0986554 2.08828 0.0938563 -0.0304238 
-18.6877 -2.29619 0.895799 -3.0802 0.354422 -2.84352 -1.04885 -1.77519 -0.0503488 -0.695757 -0.146383 -0.42267 -0.625903 
-16.6324 -2.45625 2.09289 -0.262062 -0.0342784 -1.59264 0.491699 -1.41976 0.796323 -0.295886 1.00179 -0.423237 -0.294797 
-14.9343 -3.63018 0.660982 -1.60695 -0.156073 -1.7686 0.294431 -0.799266 -1.00757 0.0669848 0.550253 -0.498383 -0.493467 
-16.6507 -3.50244 2.24441 1.00419 0.910395 -1.2695 1.59189 0.0322972 -0.146306 -0.661129 0.912394 -0.148618 0.0325979 
-11.3876 -2.88412 3.08385 0.223089 -1.28306 -2.17693 -0.677943 1.11588 -0.0164859 -0.846592 0.170829 -0.849543 -0.0910841 
-19.9292 -7.18532 1.21796 -0.0790104 0.621644 -0.0685158 -0.161999 -1.09547 1.09736 1.14872 0.146122 -0.647306 0.555757 
-15.9849 -2.84216 1.10753 -1.42112 0.744152 -1.02776 0.99638 0.0549754 1.00858 0.485664 1.11408 0.659261 -0.26329 
-18.4512 -2.7435 1.51644 -2.30128 0.237598 -2.34183 -1.28215 -1.62374 0.326341 -0.582372 -0.115363 -0.938343 -0.136145 
-14.7144 0.195255 4.03902 -2.50299 -0.223019 -1.89098 -0.551002 0.47497 0.22733 -0.829906 0.050136 -0.365652 0.311531 
-20.058 -6.26392 -1.5948 -0.969459 -0.62322 -3.71546 0.571654 -1.84859 -0.639704 -1.50078 -0.413726 -0.709446 -0.53102 
-14.8615 -1.2871 1.50399 -0.590445 1.83422 -1.12034 1.45829 0.764081 1.04374 -0.189726 1.22895 0.314746 -0.264487 
-18.7833 -4.12691 1.50004 -2.00958 -0.366125 -1.98892 -0.755151 -1.75481 -0.164134 -0.142193 0.163565 -0.495707 -0.839337 
-15.4374 -1.18146 2.79015 0.00916171 0.784605 -2.61119 0.872767 0.180057 0.636157 -0.156242 0.27888 0.466405 0.386001 
-19.0402 -4.54062 0.25473 0.154156 0.269338 -2.75492 1.23479 -0.798131 0.0394089 -0.922887 0.500545 -1.35555 -0.0252224 
-22.1822 -5.04957 4.69927 2.01495 2.99489 0.869435 1.15327 -0.324281 0.00272469 -0.251552 0.718723 -0.0282559 0.0412833 
-13.7039 -0.934259 2.8732 -2.23483 -0.175331 -1.5944 -1.42024 -0.923749 0.119153 -1.19998 -0.553523 0.302129 -0.149032 
-18.192 -3.41429 1.61678 -0.285285 1.79741 -1.74267 0.287758 -0.588942 0.259484 -0.00271749 -0.119807 -0.603401 -0.101199 
-13.5621 -1.03728 1.22958 -0.552096 1.20851 -2.66044 -0.355768 -0.717936 0.267832 -0.61537 0.135879 -0.550854 -0.383606 
-20.6647 -4.82262 0.418266 -1.43298 1.14782 -1.03101 0.0319411 -2.04649 0.30679 -0.602682 0.213215 -0.317995 -0.439657 
-14.2321 -0.468759 2.28694 -0.440522 0.594987 -2.76571 -0.500785 -1.28447 1.14044 -0.469759 -0.136845 -0.12942 -0.913985 
-19.4452 -6.11867 0.968186 0.432732 -0.24219 -1.76575 1.19849 -0.492545 0.126212 -1.0722 0.617304 0.589627 0.0240578 
-16.1768 -1.55568 2.86102 1.44317 1.62989 -2.6316 0.833405 -0.358506 0.964377 0.0261777 0.283415 -0.256044 -0.434503 
-16.9787 -3.90909 0.86788 -1.17654 1.30616 -0.143961 0.224112 -0.772633 0.298541 -1.20659 -0.40607 -0.907915 -0.769081 
-17.8472 -1.17831 1.88761 -2.53169 -0.211416 -3.27847 -0.108651 -0.800641 0.432782 -0.811794 -0.0789053 -0.180998 -0.37338 
-18.3862 -4.39613 0.117299 -3.32861 -0.691498 0.140938 0.810514 -1.85869 0.850011 -0.378499 -0.414189 0.255231 0.341002 
-18.3266 -1.71842 3.13951 0.669951 1.89047 -1.40884 1.59305 -0.83813 0.00273757 0.154645 1.52532 0.027869 -0.0822992 
-14.2753 -0.761584 2.32743 -0.589935 0.577291 -1.89723 0.149894 -0.531025 1.00011 -1.08165 -0.112117 0.130095 0.277344 
-14.7582 -2.63473 1.41129 -1.5168 0.374554 -0.420662 0.551002 -0.557568 0.710363 -0.569428 -0.511637 -0.483888 -0.725787 
-17.6703 -3.02728 2.06031 -0.504445 1.38495 -0.55109 0.418481 0.0513385 1.83692 -0.456597 1.06251 0.522887 -0.900224 
-20.9751 -4.73465 1.71635 -0.72033 0.387591 -1.00968 1.01856 -0.528915 1.63673 -0.332456 0.267014 0.0830375 0.00875695 
-15.3707 -2.44905 1.70237 -0.829943 -1.11967 -3.08426 -0.798259 -1.58377 0.911171 -0.957458 -0.46334 -0.0986943 0.0311211 
-23.8713 -6.35773 1.16466 -2.14153 -0.745738 -2.0093 -0.462299 -2.47148 -0.300631 -0.686878 -0.428484 -0.971945 -0.200306 
-16.3499 -1.60185 3.80468 -0.102039 0.786566 -0.467567 1.61312 0.571614 0.204702 -0.655286 1.00727 -0.287087 0.322697 
-20.47 -4.21933 1.24689 -1.2612 -0.358985 -1.21237 0.235744 -3.70622 -0.0581216 -0.494462 0.294797 -0.125755 0.092228 
-13.6429 -0.85839 2.68146 -0.713342 -0.588356 -2.75011 -0.525572 -0.28304 1.16579 -0.892697 0.186513 -0.251781 -0.342955 
-19.3803 -6.78604 -1.12077 -2.01005 -0.278552 0.200845 1.25885 -0.844788 0.783471 -1.22353 -0.33798 -0.754537 -0.0214266 
-18.2895 -3.20201 2.59537 2.33183 2.31382 -0.915714 1.69655 -1.26339 0.636079 0.00242329 1.12243 0.335469 0.318658 
-16.0821 -1.78052 1.89575 -0.389084 0.915862 -2.87476 -0.783694 -1.86554 0.935798 0.832976 0.270703 -0.593172 -1.16726 
-18.2267 -2.01771 4.08967 -0.948461 0.0168123 -0.956923 0.307579 -0.700639 0.554835 -0.502341 0.480386 -0.127309 0.0496995 
-16.1955 -2.63804 2.02041 -1.2992 1.51474 0.0267877 0.518936 -0.608263 0.206436 0.239529 0.263439 -0.402596 -0.0349489 
-19.1241 -4.42112 0.440347 0.0423701 2.09931 -1.35994 0.753257 -0.365056 1.22283 -0.54496 -0.387425 -0.81907 -0.0438006 
-14.8033 -1.19414 3.71045 -0.0687468 -0.603519 -2.33328 -1.01546 -1.5331 1.31561 -0.329026 -0.245426 -0.388612 0.00536166 
-18.2497 -4.32415 1.72304 -0.0924581 0.246956 0.390274 1.97677 -1.93741 -0.086102 -1.11109 0.11744 -0.0879545 -0.988887 
-15.3983 -1.05288 2.23995 0.450562 1.48655 -2.37693 0.262957 -0.500625 1.58712 -0.151449 0.114676 -0.532376 -0.339299 
-20.0244 -3.0924 2.28622 -2.26564 0.268019 -1.74389 -0.249786 -0.496072 0.00400274 -1.38486 0.0217591 -0.775698 -0.411213 
-15.3289 0.283165 2.96848 -0.569018 -0.0160483 -2.61763 -0.409437 -1.58589 1.70682 -1.14297 0.384549 -0.043197 -0.0114874 
-20.5819 -4.11187 1.02382 -2.60365 -1.32708 -2.51898 0.0958015 -2.54968 0.826749 0.0467894 -1.31107 -0.639295 -0.132187 
-16.315 -2.90708 2.32136 2.02284 2.65782 -0.913501 0.41542 -1.10809 0.374799 0.0230705 1.16598 -0.722009 -0.251182 
-15.7975 -2.92965 1.79131 -0.958583 -1.75566 -2.31654 0.45022 -0.757202 0.663839 -1.26178 0.248116 -0.234754 0.466392 
-14.6342 -1.39234 2.9311 -0.373583 -0.937844 -2.29889 -0.0305664 0.28295 1.78525 -1.62056 0.097534 -0.38374 -0.0414166 
-18.6408 -3.94619 0.820585 -2.79918 -0.459813 -1.4497 0.348342 -0.724891 0.682722 0.318699 0.44349 -0.393549 -0.245497 
-18.0672 -1.82249 2.85554 0.0938887 2.24149 -0.567518 0.18296 -1.5519 0.745969 -0.452684 0.404679 -0.648444 -0.0914045 
-14.2074 -2.02252 2.77985 0.658179 -0.504361 -2.89517 -0.686035 -1.25595 1.22352 -0.362215 -0.660303 -0.413872 0.237007 
-16.4474 -2.8098 1.30226 -0.254538 -0.623406 -1.71368 0.643063 -1.57391 1.63311 -0.689848 0.852973 -0.30151 -0.616555 
-15.8734 -1.2386 3.26132 0.518233 0.840222 -1.68944 1.15854 -1.61359 -0.734964 -0.628679 0.578129 0.362643 -0.325916 
-22.0588 -4.29001 0.686248 -1.25036 1.31278 -1.73463 0.88601 -1.53113 0.770032 -0.416529 0.0181484 -0.352387 -0.456223 
-13.7383 -0.502786 3.16072 0.0882965 0.157499 -3.03753 -1.10747 -1.35672 1.41419 -0.123715 -0.482954 -0.182035 -0.493258 
-19.9325 -6.08289 -0.0568985 -1.43328 -0.317595 -0.0678187 1.2517 -1.36744 1.34206 -0.861494 -0.554093 -0.818156 -1.1407 
-16.162 -2.74914 2.73175 1.09147 1.79448 -0.0344592 1.76052 -0.0207367 1.03461 -0.156592 0.728258 0.0937154 -1.03729 
-19.3382 -3.4133 3.57567 0.239796 0.789451 -1.03953 -0.143156 -1.18655 0.307758 -0.811785 0.513821 -0.253895 0.032322 
-15.1009 -1.38342 3.20584 0.575015 -0.386537 -1.47194 0.36261 -0.690957 1.31656 -1.91132 0.560984 -0.103168 1.19157 
-17.7128 -2.81309 0.38241 -0.0578575 0.802535 -1.19213 2.18112 -1.03315 0.342548 -2.16219 0.459067 -1.43709 -0.639728 
-18.0341 -3.49855 1.78842 1.77881 2.43445 -1.01471 1.5487 -0.392926 2.1853 0.212175 0.321596 0.564653 -0.5096 
-14.6428 -1.5605 1.76437 -2.28451 -0.541552 -2.19598 -0.392723 -0.513372 -0.0466971 -1.22435 -0.153664 -0.338022 -0.165601 
-15.9779 -0.735756 3.09209 -1.17022 -0.246059 -0.895061 1.58742 -1.52097 0.480338 -0.316099 0.026368 0.0776567 0.299187 
-16.4953 -2.75995 1.92856 -1.08055 0.443623 -0.235466 1.19876 -0.339639 1.57968 0.277912 0.112825 -0.263731 0.369501 
-21.0074 -4.01203 2.7205 -0.646303 0.197935 -1.15914 1.11726 -1.65323 -0.131083 -0.0422846 0.45447 -0.547242 -0.198369 
-16.034 -1.19904 2.65742 -1.18546 -0.410513 -4.19373 -1.40475 -0.95561 0.483663 -0.549534 -0.202051 -0.303212 -0.523342 
-19.5005 -5.68587 1.72014 -0.205593 0.224294 -0.941984 0.262276 -1.09424 0.895765 0.116238 -0.123216 -0.222072 -0.967338 
-14.8321 -1.88821 2.1733 1.21566 1.3576 -1.96559 1.91466 0.171496 0.994379 0.60367 0.447305 -0.400472 -0.911347 
-17.3543 -3.06907 2.77345 0.0148922 -0.780695 -2.47184 0.804939 -0.799126 0.36078 -0.584301 -0.308967 -0.655991 -0.396636 
-14.9201 -1.49643 2.7568 -1.07765 -0.115597 -1.77811 -1.4731 -1.68948 1.17065 -0.71723 -0.464649 -0.65247 -0.648553 
-21.6462 -5.66193 1.93722 -0.0671816 0.323402 -2.64065 0.211044 -1.21334 -0.152672 0.165185 -0.490698 0.0746381 1.59232 
-17.9808 -2.91064 1.5682 1.80442 2.69779 -1.11115 4.25875 -0.376037 0.274628 1.23757 0.393218 0.392539 -0.839424 
-15.5996 -3.1157 0.767592 -1.75483 -0.900836 -2.14701 0.0160899 -1.18646 -0.339211 -0.918299 0.367834 -0.486497 0.594869 
-18.2855 -1.53316 3.19481 0.190541 0.360754 -2.61065 0.706192 0.0377844 1.54884 -1.10486 0.974555 0.0321969 -0.0474271 
-20.178 -4.0522 1.1074 1.25043 2.00491 -3.60437 0.159962 -0.543933 0.283594 -1.10428 0.3495 -0.748717 -0.32464 
-18.7124 -1.03979 2.02252 -0.998584 1.33247 -1.36731 2.97552 -0.0785841 0.57584 -0.373898 0.583359 -0.681572 -0.23821 
-14.0168 -0.0620526 3.10972 -1.86624 -0.256906 -2.545 -1.02839 -0.575605 0.539853 -0.943734 -0.558918 -0.395986 0.511924 
-20.4286 -5.02376 0.381751 -1.22818 1.45009 -0.433152 1.12832 -1.148 -0.372541 -0.783778 -0.183088 -1.23939 0.643379 
-18.4824 -2.50214 1.67213 0.0301991 2.75534 0.194709 1.14288 -1.96514 0.331153 0.155568 1.10659 -0.624634 0.549395 
-22.2458 -5.13179 3.46462 0.53985 0.0474878 -2.15367 0.304297 -1.1778 -0.209855 -0.785182 -0.187653 -0.634063 0.125945 
-13.2375 -0.12474 2.89078 -1.15754 -0.0404453 -2.01461 -0.421864 -1.20885 0.722391 -0.890914 -0.590658 0.267153 -0.441462 
-18.6113 -5.58605 -0.951077 -0.020831 1.83593 -1.8123 0.0663436 -1.2597 0.707572 -0.082299 0.266918 -0.853243 -0.637613 
-17.6459 -3.51331 2.59876 -0.066022 1.57484 0.0482581 1.43296 0.640555 1.07674 0.0886604 1.16769 1.03517 0.0907899 
-17.7893 -2.75257 2.34362 -2.43872 -0.236154 -1.79485 -0.77038 -1.06542 -0.311778 -1.11502 -0.33616 -0.191357 -0.490846 
-15.8805 -1.55962 3.74972 -0.71715 -0.305198 -2.48206 -0.325317 -0.105663 0.43257 -1.10545 -0.473841 0.137806 -0.637125 
-19.0321 -3.11163 0.893002 -2.30787 0.0224384 -1.51139 0.170839 -2.36123 0.676646 -0.506192 -0.983632 -1.08015 -0.701243 
-18.7064 -4.25527 2.4285 0.678447 0.565386 -0.310991 1.25794 -1.6084 0.576654 -0.161182 0.856437 0.294239 0.0407557 
-14.1803 -2.68333 1.93617 -0.966889 -1.74807 -3.13401 -0.289822 -0.61946 0.148802 -1.32494 -1.01294 -0.0662065 0.499847 
-14.7633 -3.23744 -0.47905 -1.53329 1.20487 -0.608517 0.999502 0.208269 0.593128 -0.768072 0.875223 0.0785066 0.30016 
-14.357 -2.20612 0.0890087 -1.65654 -0.111224 -1.21562 2.43171 0.0919374 0.558013 0.0919274 1.22951 -0.0876513 -0.325605 
-18.6133 -4.22357 1.12314 -0.789352 0.100618 -1.46276 0.258941 -0.773577 0.63049 -1.26788 0.344522 -0.962427 -0.118651 
-12.1198 0.0757506 2.38265 -0.832638 -0.355677 -2.56495 -0.664934 -0.767542 1.13241 -1.04251 0.078821 -0.310996 0.0478767 
-18.9924 -3.97156 0.57577 -0.873227 0.135313 -3.111 1.14433 -0.626471 0.902968 0.285279 -0.435195 -0.297874 -0.591891 
-17.4581 -5.23519 0.914024 1.68841 2.12554 0.404205 2.63662 0.489549 1.48472 0.542337 1.40783 0.829108 1.10131 
-20.4584 -5.7937 -0.754212 -5.75223 -3.35443 -3.47518 -1.86824 -2.19778 -1.54003 -1.84773 -0.245267 -0.195844 -0.505425 
-15.2019 0.00165376 2.35705 -0.48799 1.38387 -2.65912 0.409627 -0.158866 1.46004 0.266066 0.656231 -0.44873 -0.11453 
-16.6326 -2.11085 -0.218595 -3.65635 -0.133678 -1.17565 1.80063 -0.949264 -0.0191504 -0.731909 -0.932069 -0.696308 0.186775 
-16.2711 -2.55204 -0.0523959 -1.4568 1.82248 -0.931295 2.07067 -0.0834209 0.348932 -0.263909 -0.663329 -0.976288 -0.114702 
-13.6307 -0.926854 1.30704 -0.444575 0.119124 -2.45267 -0.279068 -2.01015 0.573373 -0.474184 0.364195 -1.32568 -0.249242 
-19.934 -4.26819 2.69974 -0.454618 0.31081 -0.62821 0.334822 -0.122516 1.78135 -1.01044 -0.0930964 -0.239497 0.445616 
-15.2449 0.0472526 1.42936 -2.10502 1.05756 -1.84251 0.659092 -1.40255 -0.199878 -1.19772 0.25666 0.606057 0.398781 
-22.808 -5.01475 0.997371 -1.24634 1.8456 -1.5831 0.302688 -0.661548 0.408421 -0.746999 0.0746897 -0.612547 -0.518078 
-11.8266 -1.08145 2.78343 0.0687277 0.491524 -1.79488 -1.2068 -0.741922 0.859349 -0.725528 -0.327377 0.129454 0.183528 
-19.2004 -5.29173 0.0444421 -1.68468 -0.295113 -1.10208 2.08605 -0.0606978 0.680291 -0.547913 -0.104466 0.40316 -0.217434 
-18.3694 -2.93165 1.12056 -1.26725 1.27382 -1.03208 1.65446 0.849261 1.73415 0.10681 1.57584 0.510877 -0.190712 
-18.3185 -4.56318 1.03497 -1.50589 0.00745421 -1.26281 0.0800464 -0.979953 -0.517976 -1.29472 -0.0231418 -0.498941 0.349652 
-12.1298 -0.256166 2.1715 1.12198 0.764678 -2.91763 -0.473432 -1.07499 1.75741 -0.239413 0.241778 -0.694482 -0.389742 
-16.9811 -2.61364 -1.00862 -4.8077 -0.982006 -4.04036 -0.263803 -0.535102 -1.03143 -1.05114 -0.112039 0.0976363 -0.601185 
-15.7319 -3.00865 1.67328 0.233811 2.25869 -0.183027 0.453258 0.466696 0.80786 -0.787709 1.15207 -0.318789 -0.140909 
-15.9457 -3.30515 1.36347 -0.807713 -0.599902 -3.5702 -1.23695 -1.22151 -0.153876 -1.2627 -1.13976 -0.897817 0.0952162 
-15.6379 -1.33059 1.76478 -1.43233 0.825928 -0.688668 1.17436 -0.304447 1.01588 -0.808121 0.13333 0.0926296 0.734736 
-15.2767 -1.19136 1.34287 -3.85272 -0.888888 0.0670609 0.981088 -1.17656 0.39783 -1.27044 -0.296579 -0.741234 -0.0950565 
-18.3404 -3.89908 1.43168 0.493467 0.783625 -2.50834 0.0466625 -1.45328 0.352227 -0.524558 0.32976 -0.40844 -0.368894 
-11.8249 -0.482674 2.45118 -0.455117 0.461279 -0.696072 -0.0954791 -0.917825 0.985255 -0.35818 0.695241 -0.782869 -0.420345 
-12.0996 -5.59896 1.37667 -1.8395 -2.32869 1.01704 -0.490186 0.544912 0.2093 -0.914292 0.477882 -1.4146 0.0868102 
-13.2338 -4.86014 1.91256 -0.63378 -0.395174 1.79261 0.502373 1.46186 1.62716 -0.55223 1.08737 -1.0174 -0.405202 
-17.8601 -6.09585 0.976596 -1.62648 -1.47084 -1.38113 -1.69589 -0.196285 0.884296 -2.25527 -0.526952 -0.919177 1.08732 
-13.0169 -0.96504 2.47523 -0.614616 -1.68645 -2.61824 0.607751 -0.567131 0.129298 -1.46837 0.556407 -0.504921 0.0498009 
-16.4193 -4.1345 -0.133691 -1.16483 0.657164 -1.74973 0.169763 -1.53256 0.0154422 0.0276476 -0.219956 -0.159179 0.205308 
-14.8793 -1.00591 2.96377 -0.802511 1.86827 0.367835 -0.353583 -1.0637 1.11668 0.499934 0.669157 -1.69026 -0.190646 
-14.0494 -3.67899 -0.0879488 -1.16358 -0.878972 -2.70164 -0.205098 -1.03048 -0.247087 -0.851795 -0.0163346 -0.62685 -0.0389668 
-16.0193 -0.704577 3.69253 -0.78005 0.535419 -1.01803 0.728141 -0.977058 0.172786 -0.629858 0.25146 -0.208132 -0.32407 
-18.3707 -3.18961 0.808669 -1.22344 -0.0863578 -2.13094 1.04004 -0.595035 0.714067 -0.759781 1.44392 -0.319256 -0.892377 
-20.7882 -4.8268 0.787428 -0.49118 1.98913 -0.420975 0.0144632 -0.462494 1.81349 -1.23343 0.804963 -0.564045 -0.583899 
-11.5962 -3.39649 4.0859 1.7182 -0.369694 -0.553617 -2.1123 -0.772526 0.68879 -0.479654 0.551105 -0.717736 0.206634 
-17.3582 -5.09094 3.55937 0.2608 -0.372666 -0.906505 -0.850604 -0.283783 0.683321 -0.0577283 -0.548056 -0.94207 -0.0040935 
-17.1835 -3.02557 2.47228 -1.25154 0.394492 -0.752464 0.620824 -0.466658 0.384411 0.526283 0.512499 -0.483461 0.0302367 
-18.3493 -3.99435 1.96463 -0.53524 0.00184006 -2.19307 -1.08089 -1.71412 0.22912 -0.42401 -0.584414 -1.7582 1.05045 
-12.3486 -1.70765 2.47524 -0.50799 -0.636907 -2.28537 -1.93871 -1.42779 0.598929 -1.20212 -0.224141 -0.125849 -0.508142 
-18.6225 -3.99249 0.33418 -1.47018 -1.16814 -2.42658 1.03098 -0.566649 1.62499 -0.960042 -0.126691 -0.702512 0.38292 
-15.8281 -1.09632 4.81883 1.14809 1.55668 0.945281 1.44093 -1.13479 0.553462 0.0588915 1.59546 0.273608 0.0132867 
-19.5441 -4.94546 0.732362 -2.23542 -0.998532 -2.39746 -0.104807 -1.94173 -1.11705 -0.681457 -0.224263 -0.68939 -0.035324 
-14.8885 -0.766767 2.84737 -0.308357 0.646916 -1.61037 0.713416 -0.441234 0.911399 -0.392657 0.542076 -0.323007 -0.533418 
-18.4761 -4.18307 2.00295 -0.857543 -0.0443602 -2.1558 -0.877134 -0.132448 1.21364 -0.583078 0.136077 -0.923132 -0.471863 
-17.5226 -1.97928 1.06336 -0.0195719 0.991139 -0.679611 3.22211 -0.887643 1.32856 -0.0508472 1.06333 -0.526952 0.223083 
-13.8229 -0.140529 2.49015 -0.97841 0.98276 -1.18603 -0.215212 -1.40217 0.734742 -0.536943 -0.0728645 -0.752878 0.0256391 
-18.0033 -3.45346 2.80297 -1.86139 -0.862163 -1.1532 0.0810377 -1.12907 -0.249926 -0.828761 -0.471658 -0.0739535 0.188732 
-16.7258 -1.67946 2.77575 -0.822753 2.31155 1.16638 0.719523 -1.36657 -0.518215 -1.04623 1.46091 0.183067 0.278814 
-23.0015 -4.40921 1.08614 -2.51441 0.894817 -0.378487 0.342443 -1.33286 1.34342 -1.47566 0.0738045 -0.0602462 -0.127605 
-15.2929 -1.06247 2.01557 -1.4825 -0.170373 -3.35532 -0.305093 0.106702 1.1007 -1.38304 -0.869728 0.311095 0.431575 
-17.8041 -4.66751 2.10461 -0.630917 -1.50895 -0.665724 1.12757 -1.04994 0.478532 -1.13163 0.37628 0.0965478 -0.206257 
-15.2596 -2.34763 1.54048 0.335727 0.75875 -0.578364 1.6269 -0.585836 1.62747 -0.218167 0.653635 -0.111494 0.655692 
-19.0129 -3.61273 1.46273 0.659257 1.29892 -1.85872 0.555212 -2.15025 -0.0171024 -1.00037 -0.133385 -0.603843 0.353024 
-19.0645 -1.54393 4.74191 -0.113089 0.390821 -4.0769 -1.06043 0.739895 0.841932 -1.19342 -0.440951 0.310633 0.586024 
-19.3164 -6.76004 0.357676 -0.402169 0.340188 -0.749627 0.085919 -1.04111 1.25543 -0.0604772 -0.668049 -0.303495 -0.21358 
-17.2589 -2.92699 1.16747 -0.437923 1.98273 0.826787 2.44775 0.175238 1.89511 0.398184 1.22847 -0.417862 -0.310938 
-13.2395 -2.54052 1.06635 -0.749742 -0.863683 -2.12347 0.00859523 -1.35516 0.393924 -0.263872 -0.163981 -0.664165 0.21793 
-19.5999 -1.42741 3.38245 -1.29505 0.727749 -1.75237 0.504127 -0.123668 1.39759 -1.25448 0.243844 0.341839 -0.32837 
-16.7369 -2.68518 1.24161 -0.823827 1.05737 -0.896519 1.49756 -0.224838 1.07942 -0.549211 -0.390678 -0.463699 -0.480782 
-18.3586 -4.15914 1.33466 0.52846 -0.315134 -2.27218 1.67372 -1.01299 0.431157 -0.785642 0.112162 -0.25132 0.193547 
-12.2238 -0.819057 1.79649 -1.03885 -0.0340403 -2.3821 -0.788256 -1.12282 0.264039 -0.626898 -0.132844 -0.545599 -0.219342 
-20.1159 -5.39696 0.924751 -1.39684 1.32866 -0.0363006 0.118236 -1.66438 -0.0583205 -0.915216 -0.56112 0.201228 -0.391612 
-14.8562 -1.97026 1.85277 0.147111 1.57893 -0.431374 0.899937 -0.305869 1.17826 -0.081835 0.974199 -1.02354 -0.966199 
-20.1943 -4.29626 0.315456 -0.891922 1.34028 -0.791278 0.498337 -1.54677 0.0613112 -2.6307 0.215753 -0.361503 0.289363 
-14.7115 -1.09737 2.81246 -1.75333 -0.796359 -3.19297 -1.69332 0.0416026 1.13416 -2.00416 -0.539661 0.454184 -0.0572777 
-19.2466 -3.50613 3.18839 -0.0229009 -0.681275 -0.722587 1.5479 -0.789565 1.08053 -1.69499 -0.972891 -1.30789 -0.145878 
-14.9165 -1.5 3.04631 1.74737 3.05395 -0.275432 1.3675 -0.400046 0.439359 0.267747 0.898224 0.291833 0.428806 
-15.5348 -2.28956 2.03002 -0.268621 0.186788 -1.40457 0.554816 -0.81774 1.33614 -0.696882 -0.652328 -0.795718 -0.402766 
-13.4917 -0.0516206 4.54171 1.6529 1.34283 -0.324471 1.2196 -0.160607 0.97668 -1.12472 0.593636 -0.097248 0.361947 
-12.7062 1.31082 3.85761 1.47617 2.98252 2.07302 2.22873 -1.56259 2.62633 0.29005 0.000426146 -0.57992 1.27588 
-12.0946 1.81077 7.00394 4.12563 3.68924 1.95735 2.0024 0.547953 3.23267 -0.0670253 0.15303 -0.637856 0.301312 
-8.91661 3.31339 6.71035 2.11018 1.14547 0.618881 2.20398 0.983058 2.61668 0.278433 0.767098 0.37856 1.36064 
-13.3109 1.52257 7.06346 4.43957 4.59463 2.23483 3.19246 -0.258826 2.50782 1.25587 0.316998 1.39913 0.422054 
-10.1981 4.09333 4.15768 2.16486 4.25859 0.819565 4.4302 1.60647 2.99635 0.717925 1.54863 0.675479 0.388213 
-9.58788 2.17443 7.16418 4.16409 5.51944 3.58192 3.15586 1.82168 2.31003 1.2765 0.922051 1.28663 0.484146 
-5.15104 5.46625 8.34578 4.33301 4.29622 2.81533 2.7639 1.97755 3.19883 1.14928 1.52111 0.873285 0.763647 
-7.84312 4.73891 8.60655 7.00436 4.9979 2.9645 5.38836 2.04045 3.45231 0.778105 1.5954 0.43559 0.761339 
-6.1823 5.31737 8.60835 5.47633 5.65726 3.28624 5.24934 3.60848 3.18331 1.65409 0.999781 0.531804 0.199584 
-6.03582 5.68923 8.98081 4.96055 6.75637 4.77447 3.98856 3.42069 2.90636 1.12231 2.43051 1.17322 0.856031 
-2.08156 6.38767 10.0074 6.33359 4.31931 2.35402 3.98949 2.85678 2.11351 2.237 1.3484 0.268395 0.276484 
-5.99405 5.80561 9.03308 4.98623 5.87873 3.55492 4.04044 2.63811 2.30511 1.28208 1.37336 0.564125 0.262413 
-4.60508 6.22813 8.2809 6.48453 5.869 3.31984 4.68289 2.02569 3.30315 1.68692 2.32116 0.471115 0.654136 
-1.55905 7.41414 8.51821 4.39457 5.66769 3.42592 3.05835 3.01692 2.96988 1.44796 2.11492 1.25597 0.221612 
-5.44506 5.56021 8.56966 6.9301 5.31777 3.02479 4.27291 1.86534 3.66014 0.625587 1.05259 0.198185 0.882283 
-2.62378 6.57972 8.42242 6.79843 5.98349 3.17694 4.44163 2.31035 3.06759 1.64617 1.92567 0.671749 0.388404 
-2.88136 7.07801 7.94482 5.06785 5.37734 2.44484 3.86362 1.93531 2.41949 1.37672 1.36071 0.423226 0.148027 
-3.00377 6.30994 8.41494 5.22036 4.46699 3.14611 4.33237 2.61143 2.81707 0.98971 1.16439 0.034747 0.450918 
-7.54877 5.39822 9.17863 6.95424 8.0207 3.79032 3.51368 1.09121 2.08081 1.97374 2.00255 1.20222 1.22316 
-3.02057 7.27699 7.66657 4.3839 4.93195 3.1732 4.37871 1.25993 1.97278 1.06174 1.2324 -0.209286 0.643277 
-0.474278 6.46418 7.46512 5.53544 5.01323 3.49401 4.81277 2.0665 2.72853 2.10673 1.06639 0.890879 0.417141 
-1.27439 6.08056 8.0252 6.3732 5.22345 3.19742 4.62239 1.95747 1.99648 1.66015 0.889874 0.21974 0.49194 
-4.46542 5.32937 8.48981 5.86476 4.04113 3.10741 4.4396 1.325 2.68487 1.16505 0.815751 0.138294 0.485204 
-3.60877 5.66682 9.23698 7.98834 5.14793 2.18563 4.80539 1.81315 1.74174 1.74797 1.92641 0.463111 0.224747 
-1.79098 6.28577 7.38283 5.73097 4.22022 2.29151 3.71233 0.873627 1.79614 0.406439 1.0166 0.296754 1.2811 
-2.16346 6.68471 7.73546 5.97416 4.54483 3.13819 5.29376 1.32225 2.8997 1.93438 1.5114 0.398853 0.638786 
0.673565 6.52047 6.70123 6.23642 4.24787 1.88259 4.90003 1.49497 1.31022 1.07502 0.735404 -0.0403483 0.475549 
-3.87638 5.25997 7.58811 5.84456 4.93585 2.52893 4.60366 1.68221 2.40654 2.03914 0.700558 0.215985 0.175839 
-1.47419 6.49441 8.67679 7.47548 5.22515 2.54386 4.47967 2.24726 2.10904 1.56895 2.00423 -0.178426 1.08575 
-4.90843 5.70678 9.80135 7.02561 3.83339 1.0049 3.6075 1.86651 2.71571 1.15877 0.286591 0.129837 0.558763 
-2.0113 5.71672 7.8593 7.31193 6.28269 3.91341 5.3213 1.76283 1.86983 1.31772 0.8958 0.241379 0.169248 
-0.0151777 6.19029 7.52423 6.82324 4.83596 1.78469 4.02423 1.40159 1.28244 1.5701 0.702596 -0.0373719 0.614322 
2.20704 6.43574 6.54663 5.27888 4.52243 3.29567 4.14584 2.14805 2.76511 2.35285 1.42961 0.70687 0.652901 
13.5632 8.47314 6.92772 8.97511 4.80445 2.56634 1.37803 1.55774 2.67249 2.05943 1.17235 0.0812749 1.63663 
15.8867 8.94998 5.58375 8.24683 3.3347 2.95848 2.49309 1.52911 3.78761 1.55177 0.951502 -0.225566 0.322504 
15.3183 9.18233 6.07819 7.73048 4.43057 3.41488 1.67781 1.26852 2.76543 1.61507 0.572037 -0.0251519 1.87631 
21.761 9.5216 4.84151 8.80088 3.49805 3.14165 2.27557 1.9533 4.04706 2.49919 0.258615 0.638856 0.859183 
11.1134 6.54428 4.22292 7.81249 3.73398 1.89577 2.57619 0.252788 2.66405 2.83886 0.884407 0.37212 1.81738 
18.6802 10.53 5.96022 9.11368 4.38664 2.93444 1.48239 1.3793 4.11494 2.03104 1.51975 -0.302635 1.47982 
13.7027 7.88903 5.19118 6.43606 2.7928 2.38335 1.78006 1.90893 3.20997 2.3366 2.01672 0.8934 1.16766 
16.6723 9.64529 5.93266 9.15833 3.68421 2.93824 0.926037 -0.0645054 4.66998 2.84949 1.73364 -1.23502 1.84834 
19.8421 10.3964 4.72536 7.8896 3.29863 3.10443 1.7424 1.12577 3.68291 1.5644 2.14435 0.0533576 1.26179 
12.7214 6.63893 3.9779 6.10553 2.97035 3.0588 1.81407 0.709711 3.03019 2.87871 0.859621 -0.545553 2.13515 
21.9659 10.7716 5.05969 7.79578 3.35249 3.42791 1.51593 1.01436 3.1833 2.5315 1.84163 -0.202895 1.19217 
11.7943 8.07369 3.706 5.54297 3.66745 2.7301 2.22599 0.526824 3.20334 2.34607 1.3265 -0.177386 1.18243 
18.7104 10.9384 5.18585 7.1537 3.29612 3.12573 1.30152 -0.264281 3.35792 3.03721 2.19353 -0.984799 1.26008 
18.4697 10.9294 4.15762 6.41328 2.68016 3.25463 3.11828 0.524015 2.97228 1.87896 2.40236 -0.356419 1.16854 
13.9028 9.6409 4.53399 5.88128 2.4023 2.68377 1.90342 -1.04759 3.71652 4.01463 2.69054 -1.65308 0.688346 
20.2983 12.1392 4.37176 6.1089 3.4898 3.1214 3.18176 0.793446 2.29458 2.69928 2.09348 -0.400761 0.869031 
11.4643 8.31236 3.26723 4.83578 3.53671 2.46666 3.20546 0.156729 2.06888 3.49425 2.12512 -0.441569 0.507991 
19.5827 12.4891 5.67636 6.20483 2.32861 3.51979 3.51951 0.135927 2.28113 2.51023 2.66644 -0.0999907 0.736616 
12.8771 10.2921 4.95794 4.18607 2.26801 2.98578 3.84345 0.789697 1.8972 2.02681 2.20413 0.0447964 0.562937 
14.5103 12.2758 6.78194 4.3876 1.42291 3.45585 4.68847 -0.451156 1.38027 3.6936 3.04434 -0.0101521 0.620697 
14.664 13.4822 6.15383 3.85207 2.33835 2.79397 4.33912 0.605176 1.82401 1.71108 2.4146 0.219848 0.135301 
9.42638 11.1719 6.18799 2.65368 1.35926 1.86247 3.5673 0.105384 1.77747 2.6738 2.42696 0.53433 0.658338 
15.8173 13.8898 7.07849 3.86189 2.52326 3.03626 4.58602 1.10375 1.05389 2.20012 1.89171 0.683498 0.816145 
7.69556 9.05499 6.04996 3.35227 1.71565 1.84677 3.44653 0.707118 0.88635 1.98047 1.93435 0.229924 0.64127 
16.7281 13.0979 8.67609 3.74394 0.9214 3.98241 4.28703 1.40716 0.215631 2.17681 2.29445 0.781964 1.3567 
7.0024 10.1313 7.53091 2.18615 1.60135 3.05491 3.79453 2.12436 0.649555 0.97008 2.36643 -0.307113 1.01265 
11.8071 13.0882 9.6673 2.13186 0.657207 3.90337 4.51462 1.77296 0.10578 1.72925 2.60961 0.952085 1.40241 
7.85633 12.3477 8.8202 2.63833 1.87953 2.87859 4.5115 2.11048 1.51087 1.35386 2.17971 0.142741 -0.0660173 
8.95386 11.5812 9.31339 2.40473 -1.04683 2.32163 4.47607 1.26705 0.590623 1.43454 2.09965 0.481005 2.11264 
10.5107 12.8773 8.64773 3.37382 2.06352 2.10151 3.54931 1.87716 1.84122 1.56247 1.1976 0.281437 0.825595 
5.17937 10.8881 8.63542 1.28772 -0.100067 1.82909 4.03793 1.26096 1.14676 1.3083 1.05109 0.953774 2.14291 
10.3505 14.1992 9.98332 3.64954 1.07784 2.02407 4.18991 1.52263 1.94656 0.859647 1.296 0.328699 1.13929 
6.81795 10.0994 6.96282 1.95761 0.116673 0.738079 2.42749 0.840722 0.658559 0.024198 1.15863 0.210774 1.72568 
9.92019 14.6096 10.2305 3.11965 1.05184 2.13286 4.93958 1.66432 1.12789 1.12119 1.70659 0.221902 0.706935 
6.34228 9.62984 5.798 1.42738 0.887554 0.337127 2.04031 1.04328 0.831972 -0.0659066 0.614601 0.329454 0.891331 
8.60849 15.0078 10.8248 3.65634 1.84656 0.807068 5.17237 2.18232 0.540479 1.51009 1.14087 0.309112 1.42315 
4.9017 9.42217 6.89847 1.63281 1.23078 0.164127 2.03333 1.03629 0.138494 0.309406 0.0365192 0.465527 0.874197 
8.12036 14.315 11.4293 4.11975 1.34585 0.995085 3.85457 2.38604 2.07765 0.912305 0.468484 -0.0549225 2.4394 
3.96897 9.44972 6.54919 2.18548 1.0421 0.528135 2.74357 0.245067 0.788115 -0.039753 0.349165 0.0581496 1.04267 
8.075 14.0337 11.9936 4.27784 0.322824 1.19003 4.75701 2.18323 1.4916 1.04135 0.87334 0.107406 1.50902 
3.9625 8.71862 6.86072 3.24084 0.830991 0.233561 3.25125 0.469613 0.972577 0.67479 -0.105296 -0.155598 1.14584 
7.74371 13.5338 11.6542 4.83114 0.57083 0.884328 4.65967 1.86631 1.78816 1.43413 0.470253 -0.101367 1.63146 
2.36293 8.9041 7.41192 2.98092 1.84411 0.416694 2.83742 1.22988 1.18498 0.612688 0.279209 -0.257109 0.839696 
6.34455 13.6407 11.6842 3.83854 1.80323 1.43478 3.5606 2.47831 2.22631 1.27824 0.722457 -0.314021 1.44164 
3.1548 7.97622 6.34525 2.55691 1.6366 0.775417 2.63703 1.32054 1.31089 0.631529 0.410342 -0.0253388 0.48649 
6.76252 13.4145 12.1629 4.56753 2.25072 1.51009 3.12864 2.92028 2.39838 0.701593 1.01894 0.94554 0.578994 
1.73815 6.96785 6.28815 2.52645 1.70612 1.03464 2.12426 1.35326 1.75192 0.477622 0.443512 -0.0541395 0.0787481 
4.09705 13.6916 12.3034 5.19151 2.40216 0.862506 3.55504 1.73249 2.57837 1.38317 1.48781 -0.230701 0.974943 
-1.46996 6.34718 5.4756 1.91928 1.92007 0.523894 1.83756 0.420927 1.71752 -0.204174 0.155971 -0.253548 -0.314169 
2.16402 12.9747 12.1378 4.8322 2.69367 1.06886 3.63481 1.37709 2.21275 1.18938 1.28004 -0.11476 0.269803 
-3.42903 3.66413 4.28988 0.986374 0.723458 -0.982666 0.889037 -0.340185 0.00433741 0.190683 -0.527191 -0.296652 -0.242827 
0.285939 12.2317 12.0893 4.9926 2.21402 -0.159371 3.78511 1.85738 2.34241 0.642102 0.476519 0.413257 1.11389 
-6.84718 6.31473 8.28333 3.52727 2.66235 0.868515 3.19314 0.793774 1.67411 0.526225 1.6188 -0.224602 0.888606 
-1.93599 10.4307 10.5918 3.32602 2.58966 1.03454 2.25827 1.46731 2.19597 0.607232 2.07633 -1.07029 0.264305 
-7.00589 6.22717 8.7819 2.47574 1.37889 -0.18819 1.58706 -0.625182 1.24556 0.95082 0.299715 -0.505053 0.0140042 
-8.32388 7.60319 9.01182 0.278403 2.27962 1.36065 1.43145 0.337685 2.52016 -0.211796 0.420399 0.885438 0.0547514 
-6.14352 6.89101 8.30225 3.28911 2.85186 -0.475586 0.731129 0.336273 2.63691 0.42394 0.88119 -0.423026 -0.237191 
-8.49539 3.01217 5.25721 1.26929 1.62561 -0.329857 1.35734 0.383218 1.74347 0.706772 0.321689 -0.566904 -0.53234 
-14.7583 1.32682 4.45634 0.790716 2.06221 -1.09082 1.55858 -1.28173 -0.345767 -0.198211 1.12084 -0.0807119 0.464927 
-11.0839 1.92951 7.06242 2.66545 1.79519 1.13282 1.89201 -0.10672 1.76024 0.573628 0.788954 0.308922 0.0749081 
-9.66881 4.17635 7.70784 3.74596 4.21817 1.96008 3.80956 0.545149 2.1481 1.74124 0.632746 0.773924 -0.523838 
-13.087 3.90982 8.75558 2.47714 3.06323 1.49302 4.32684 1.58936 1.03554 0.481525 0.460666 0.0948029 0.549908 
-14.097 -1.1098 2.62318 0.49401 1.47934 -0.696949 0.463509 -0.66561 1.53009 0.0312059 0.964373 0.0178133 -0.0202219 
-12.8496 1.19675 4.31347 0.862851 3.44848 1.39798 2.31015 0.742078 1.35169 -0.0777828 0.573279 -0.4534 -0.202163 
-12.5598 2.00549 3.89806 2.52633 4.53475 0.52986 2.27139 0.685451 1.40896 -0.370733 1.84549 -1.23441 0.835843 
-15.9983 -1.83988 2.19226 -1.63755 -0.13115 -2.13032 -0.332891 -0.994722 0.305525 -0.510026 -0.00189502 0.0491222 0.558544 
-18.9938 -1.3538 2.73975 -2.03706 0.594254 -0.36906 1.4537 -1.09091 0.871457 -0.682979 0.104258 -0.0441007 0.719885 
-17.2802 -1.59356 1.65247 -1.80166 0.816881 -1.82378 1.04097 0.127849 1.41381 0.0472696 -0.120382 -0.327896 0.278117 
-18.2565 -0.356875 4.4294 0.699472 1.40662 -0.711754 1.78132 -1.05875 1.0688 -0.917178 0.220516 -0.737051 -0.2268 
-12.4621 -0.390663 1.99878 -0.753733 1.17436 -1.73668 0.354251 0.0611163 0.769574 -0.108498 0.0645365 0.157623 0.259551 
-22.468 -4.69847 2.46065 -1.70578 0.656356 0.140605 1.89133 -0.0224487 0.777715 0.552593 1.26633 0.136406 0.732686 
-14.6423 -0.260374 3.72243 0.63184 0.598037 -0.942214 2.38641 -0.220581 0.335716 0.0347631 1.74519 -0.332319 -0.590856 
-23.0584 -4.00266 1.89133 -2.39919 -0.46816 -2.43177 1.00339 -1.43332 -0.0200668 -1.11296 -0.986156 0.0446323 0.351368 
-16.3946 -0.917115 0.88244 -1.65867 -0.304378 -3.51064 0.47949 -0.669466 1.26887 -2.21025 -0.783139 0.244039 0.371587 
-21.8947 -5.41241 0.911642 -2.32677 -1.64635 -3.27666 -0.583291 -1.55452 -0.0189711 -1.77438 -0.23358 -0.12354 -0.663487 
-15.7341 -3.58537 3.11193 1.80313 1.63351 -0.46648 1.02192 -0.0931337 0.874147 1.32865 1.33362 0.0345302 -0.236198 
-26.5396 -5.26241 2.40756 -3.56774 -1.57725 -5.03707 -1.97682 -2.02355 -0.950649 -1.14552 -1.22822 -1.25887 -0.803219 
-22.1451 -3.22253 3.4974 -0.596175 0.694807 -2.05951 1.60676 -0.565338 0.630327 0.0794242 -0.736976 0.26664 0.303319 
-19.1894 -1.83395 2.06674 -0.637232 1.30962 -1.13206 2.48595 -1.1207 1.25871 0.624359 -0.30415 -0.979057 -0.621551 
-21.6762 -3.10298 2.52798 1.0051 1.70294 -0.41261 2.96084 -2.04619 0.933414 -0.108683 0.404561 -0.466412 -0.11066 
-22.7808 -3.93348 1.35636 -2.63648 -1.40662 -4.77979 -1.34312 -1.38316 0.321804 -2.28585 -0.730045 -0.213656 0.548312 
-23.778 -7.00218 1.14505 -1.97684 -0.0305547 -0.613121 0.100677 -0.943443 0.200292 -1.15289 -0.166446 -0.849602 0.0443357 
-15.5697 -2.92819 1.68034 0.687381 2.44509 0.389426 1.22964 -0.251878 1.91646 1.30661 1.18144 -0.0321925 0.407851 
-22.0172 -3.8236 3.27732 -1.13187 -1.08013 -2.98025 0.933109 -0.159379 -0.0775263 -1.66653 -0.318473 -0.455584 -0.452214 
-17.4168 -1.92778 4.32718 -0.38602 -0.971221 -3.2275 -0.225028 0.570925 1.05112 -1.37968 -0.276201 0.616013 -0.081113 
-18.6293 -5.6505 0.903781 -0.865367 -1.09055 -2.25204 0.192948 -0.358746 0.930701 -0.842336 -1.32505 -1.00464 0.480222 
-19.0829 -2.83098 2.31677 0.989356 2.90473 -1.25867 1.75919 1.55895 2.25932 0.127927 0.528126 -0.411347 0.0508783 
-15.7297 -2.57202 3.07694 -0.427344 -1.06196 -2.68836 -0.34789 -0.703598 -0.10905 -0.801452 -0.0626292 -0.942552 -0.561706 
-15.3936 -2.22112 2.20118 -0.144561 -0.47511 -2.22229 0.389133 -0.542306 1.00517 -1.19112 -0.221085 -0.828503 -0.697064 
-15.9695 -5.17986 0.262581 0.113012 -0.312306 -2.63135 0.574395 -0.492544 -1.2329 -0.906021 0.835506 -0.415857 -0.569793 
-18.0834 -2.81771 1.50958 0.563628 1.80443 -1.81058 1.13575 0.306876 1.19701 -0.601666 1.14543 -0.610551 0.493695 
-13.4852 -0.674158 2.5373 -1.66787 -0.406944 -2.65049 0.310369 0.790882 0.583668 -0.633483 -0.182443 0.315562 0.29638 
-18.3233 -5.82881 -0.144481 -1.51445 -0.1603 -0.753923 1.01189 -1.26717 -0.197298 -0.734453 -0.688776 -0.240345 -0.158853 
-14.4965 -3.00469 1.03896 0.680768 1.54024 0.0237281 1.55094 -1.45357 -0.248555 -0.536052 1.10818 0.430707 0.218635 
-19.5464 -3.26478 0.665095 -1.15015 0.51636 -1.61639 1.29362 -2.19866 0.735842 -0.856554 -0.406187 0.324906 0.0252007 
-12.1587 -0.051236 1.98814 -0.56754 -0.354933 -2.49783 0.0297012 -0.83902 1.0391 -1.12732 -0.009011 -0.637515 -0.133324 
-19.178 -3.61145 2.51026 1.25179 1.80161 -0.866173 1.13153 -1.81882 1.5004 0.78096 -0.261353 -0.326041 -0.820437 
-17.6012 -2.94911 2.60023 1.25741 2.92907 -1.09708 0.203803 0.673231 1.47312 0.429058 1.41488 -1.08168 -0.635123 
-18.3458 -3.18546 2.61938 -0.338462 1.15311 -0.800685 0.223913 -1.05132 -0.205452 -0.993565 0.44531 -0.333895 0.193718 
-16.1478 -1.16946 2.19062 -1.28202 0.67753 -2.43737 -0.508722 -1.07761 0.379619 -0.760176 -0.0609446 -0.444466 -0.0498178 
-17.8242 -1.73072 2.50017 -0.167693 2.3454 -1.3815 0.846004 -0.603839 -0.195763 -0.749581 0.373236 -0.160488 -0.378004 
-18.607 -3.14311 1.64872 0.513754 2.21889 -0.979594 1.00524 0.468106 1.8736 -0.725721 1.01534 -0.65663 -0.571164 
-13.7963 -1.34343 3.1328 0.578418 -0.00853613 -3.38694 -0.43882 0.139425 0.409993 -0.861296 -0.0474785 -0.266341 0.203961 
-18.0487 -3.19283 1.76232 -1.06809 -0.355118 -2.74327 0.457778 -0.3364 0.264373 -0.89125 -0.155647 -0.283872 0.488813 
-17.4093 -3.34222 0.486629 -0.792812 2.23845 -0.375131 1.90088 0.154825 0.0896257 -0.705576 0.606813 -0.0614799 -0.386606 
-20.6098 -3.18417 2.41923 -1.10077 2.00288 -0.0750225 1.14037 -0.882495 -0.406848 -1.24488 -0.0271831 -0.974732 -0.657418 
-12.5197 -1.09846 1.68901 -0.0901117 0.352361 -2.40405 -0.199038 -0.751259 0.351064 -1.20006 -0.0792948 -0.173296 0.29062 
-17.2959 -5.02872 -1.51693 -2.63077 -1.01151 -2.54029 -0.124745 -2.23669 0.126322 0.0287531 0.111511 -0.150668 -0.413581 
-15.47 -1.55547 2.32591 1.00783 1.6087 -0.342045 0.827118 -2.44472 0.522323 -0.144164 1.32997 -0.118898 0.53868 
-20.8837 -4.01631 1.4232 -1.6952 -0.574653 -3.17817 0.166662 -0.728007 -0.558494 -1.59536 0.182002 -1.08199 0.216216 
-15.63 -2.561 3.23697 -0.844447 -1.42169 -3.40491 -2.05757 -0.971123 1.25439 -0.496568 -0.747005 -0.490307 -0.852814 
-16.5198 -3.5823 0.754285 -1.0329 -1.76745 -3.04351 0.188093 -1.46532 1.27478 -0.438155 -0.220799 -0.422255 0.0233952 
-15.5998 -2.52254 2.28696 1.2803 1.89887 -1.71656 1.53799 -0.161387 0.120549 0.545275 0.59078 0.0576543 -0.752749 
-14.5215 -0.297545 1.88989 -0.947044 0.876382 -1.92197 -0.145307 -1.76727 0.571821 -0.58529 0.268283 -0.689899 -0.274219 
-19.3304 -1.0151 1.681 -2.33632 0.932579 -2.34205 0.803056 -1.20159 0.275408 -0.89858 0.438041 0.193861 0.0560235 
-14.8165 -3.48341 0.699182 0.0612423 1.12682 -2.4376 -0.0394069 0.354909 0.535598 0.165819 0.5928 -0.612545 0.0466964 
-19.6541 -2.86189 2.41223 -0.721665 1.05502 -1.65676 0.0430835 -0.920963 1.18619 -0.184521 0.48976 -0.572877 -0.34721 
-13.3251 0.0326497 3.53843 0.138819 -0.28192 -2.39952 -0.364822 -0.979064 0.946766 -0.746585 0.364993 -0.748144 0.784764 
-20.1749 -4.86611 1.39823 2.42603 1.51876 -1.78232 0.434735 -2.27628 1.72001 -0.602436 -0.0403435 -1.00532 0.313449 
-15.741 -2.97655 2.19658 1.6327 1.07312 -0.336657 1.26807 -1.17829 2.41402 0.684129 0.301873 -0.839787 -0.0802855 
-21.6734 -4.04002 1.99906 -0.627616 0.00267632 -2.12358 1.10694 -1.07725 0.825512 -0.854279 0.0220239 -0.554858 -0.00942006 
-15.0265 -1.12121 3.69929 -0.939832 -0.435658 -2.90643 -1.5817 -0.111425 0.737131 -1.6989 -0.426745 0.21884 0.240029 
-17.6136 -4.8326 0.570296 -0.45719 0.859887 -1.71463 0.63501 0.223944 0.0315655 -0.516807 0.260246 -0.775218 -0.0580721 
-17.8609 -2.76986 2.64703 0.790677 1.95897 -0.83968 2.44291 -0.129168 -0.110107 0.948982 1.61613 0.0198401 -0.45312 
-15.7686 -3.3171 2.98352 -0.83429 -1.0653 -2.3097 -0.573757 -0.107882 -0.433348 -0.868993 0.0513237 -0.47776 0.204266 
-14.9344 -2.16008 2.00687 -0.746716 0.273775 -1.81797 0.354686 -0.677764 0.426462 0.0284433 -0.075699 -0.238317 -0.303768 
-15.5384 -2.58815 0.536141 -1.88777 1.2048 -2.19572 -0.61841 0.48068 1.34231 0.351046 0.6971 -0.0389498 -0.280792 
-21.7517 -4.9155 2.87474 -0.544963 0.729226 -1.19125 0.903574 0.338964 1.19492 0.271276 -0.453959 -1.12542 -0.359 
-14.977 -0.604777 2.59403 -1.93917 -1.20455 -3.79534 0.00665615 0.14262 0.0716257 -1.34418 -0.168806 0.151509 0.163604 
-22.3191 -5.10202 1.99357 -0.986511 0.787316 -0.788677 1.19809 -0.535873 1.25603 0.494726 0.491037 -0.104874 -0.368974 
-18.3157 -2.80469 2.35267 0.230415 0.946671 -1.17 1.48857 -0.930141 0.269383 -0.237949 1.57953 0.422668 0.4152 
-22.2795 -4.25706 2.10413 0.762649 1.78381 -1.50816 0.972694 -1.66415 0.577033 -0.339111 0.649653 -0.932752 -0.0614697 
-13.1506 -0.140164 1.84727 -0.847935 0.10496 -3.25842 -0.586571 -0.712891 0.712478 -1.17149 -0.0502143 -0.293351 0.331247 
-16.0461 -1.57006 -0.629656 -5.31476 -0.870427 -3.40461 -0.442698 -1.21124 -1.17482 -0.357533 0.274062 0.0019342 0.0653471 
-15.188 -2.51198 3.1323 1.56922 1.33867 -0.165771 0.929961 -1.1293 1.16933 0.764721 1.19604 -0.031192 0.158621 
-17.554 -3.58767 1.12712 -0.410374 0.793408 -2.25834 0.18348 -0.735424 0.493693 -0.665712 -0.346108 -0.209621 0.282344 
-15.9816 -2.19122 2.71375 0.347922 0.109712 -3.54955 -1.78338 -1.19156 1.18223 -0.544785 -0.101921 -0.653395 -0.104911 
-15.0699 -2.96181 -0.876661 -3.39273 -0.29136 -0.42876 0.457243 -1.60239 0.714261 -0.727942 -1.09475 -1.46299 0.564323 
-19.9533 -3.56611 1.38686 -0.377114 2.4585 -0.196225 1.21616 -0.652986 1.61108 -0.136827 -0.163233 -0.921792 -0.712287 
-13.8385 -0.437683 3.02584 -0.286414 -0.163593 -1.62387 -0.561155 -1.91217 1.41273 0.0853098 0.820554 -0.91152 -0.269594 
-14.3312 -1.62704 0.766476 -1.89535 0.371048 -1.56483 2.13557 0.848621 0.160071 0.337724 1.02845 -0.446329 -0.195691 
-14.5816 -1.90553 2.12674 -0.885243 -0.46175 -1.21137 0.18625 -1.10929 1.03796 -0.873997 -0.649697 -1.32505 -0.324463 
-20.7086 -4.96695 1.1602 -0.403019 0.519129 -2.87396 -0.608448 -1.38061 -0.222471 -1.11334 0.557337 -0.0838443 0.220572 
-12.0776 -0.878883 1.97088 -0.733657 -0.283979 -2.87951 -0.197371 -0.479227 0.58418 0.539479 0.200755 -0.771754 -0.486767 
-19.2967 -1.98531 -0.147817 -4.45536 -0.507174 -0.160753 2.74256 -1.15112 1.75655 -0.414914 0.381815 0.15971 -1.09539 
-14.5761 0.588908 3.76342 -0.693798 0.490468 -0.30659 2.80098 0.889298 2.01492 -0.0469646 1.11298 0.367925 -0.801651 
-19.0214 -3.04217 0.27858 -1.86335 0.0575575 -2.23941 0.0644182 -2.11276 0.764979 -0.423705 1.11771 -0.907155 -0.914023 
-13.9117 -1.95917 -1.83372 -3.32399 -0.104199 -2.47064 0.0142408 -0.36045 0.614395 -1.27712 1.33856 -0.493823 -0.353861 
-15.5617 -0.918796 0.86988 -3.81121 -0.225844 -1.29971 1.45919 -0.334851 0.644173 0.199264 0.293458 0.296107 -0.247408 
-14.1014 -1.44966 2.4993 0.90993 2.75463 1.04489 2.67968 0.493492 1.13499 0.212193 0.26783 -0.638202 -0.131314 
-14.9459 -1.87192 1.7033 -2.4088 -1.26174 -2.92685 -0.996459 0.0231252 -0.138216 -1.76732 0.453885 -0.882249 0.525998 
-16.5774 -1.34703 1.49902 -2.05149 1.19074 -2.62606 -0.761171 0.515468 1.06717 -1.28342 0.222433 0.282211 0.496626 
-14.2253 -0.0930671 1.69412 -2.86445 -1.00055 -1.96046 0.818634 -1.42 -0.793435 -1.87929 0.0445829 -0.125539 -0.441925 
-23.4881 -5.26915 0.266541 -2.46149 0.531223 -1.98931 1.33427 -0.480066 0.83637 -0.0640717 -0.534335 -1.07218 -0.361633 
-13.1976 0.0929133 2.75604 0.111117 0.354628 -2.72083 0.119469 -1.40019 0.979546 -0.593097 -0.687072 0.405277 0.468011 
-17.8092 -3.64604 -0.42527 -0.550412 0.758599 -2.90191 1.76763 -0.538557 0.198988 -1.07051 0.125647 0.357538 -1.04769 
-14.8588 -1.69894 1.44697 -0.466322 0.676378 -0.715694 2.01694 -0.00349139 1.3688 -0.103076 0.886735 -0.266988 -0.0148686 
-19.5803 -4.08732 1.09842 -1.16643 0.106267 -1.90397 0.280928 -1.51582 0.542217 -0.892091 0.0618908 0.173871 -0.0326342 
-14.6778 -1.58746 2.79583 -0.97761 -1.31003 -3.97149 -1.0939 -0.612346 0.215293 -1.58089 -1.16958 0.119059 0.206081 
-18.7458 -5.73383 -0.354825 -0.802048 0.479619 -1.98157 -0.223943 -1.2718 -0.162638 -1.75242 -0.616068 -0.128329 0.0830742 
-17.8816 -1.90362 3.41488 -0.976141 1.41214 1.06235 3.18608 0.622747 1.76388 1.18503 -0.216252 -0.215517 0.402897 
-16.0595 -1.93586 4.10327 -0.680755 -0.798116 -0.884622 0.478267 -1.28615 -0.236436 -0.261403 0.21756 -0.580117 0.432489 
-16.0671 -2.32183 3.33877 -0.300675 -0.859617 -1.32091 0.554463 -0.708428 1.10385 -0.668131 0.165805 -0.119606 -0.24824 
-16.6916 -3.50151 0.519355 -2.59078 -0.0226048 -1.91362 0.851038 0.3061 0.0142679 0.0145033 0.257085 0.34504 -0.462319 
-18.5475 -4.43529 2.48208 1.15271 0.34105 -0.819081 1.25213 -1.0534 1.34611 -0.138082 0.532252 0.631689 0.500969 
-13.2698 -1.84346 1.21056 -1.46607 -0.591508 -3.08407 -0.999366 -0.646487 0.472047 -0.724425 -0.0953672 -0.224962 -0.507456 
-19.8226 -6.4557 -0.027133 -0.999649 -0.196728 -0.633359 1.16699 -1.0716 1.1418 -0.37828 -0.667334 -0.117443 0.392405 
-16.1039 -2.29023 1.79434 0.913088 3.03981 0.271047 1.51572 -0.4287 0.854755 -0.864321 0.0665017 -0.761753 -0.750604 
-23.7036 -5.62137 1.356 -1.65043 0.681302 -2.16407 -0.954763 -1.39063 0.522239 -0.14016 1.0516 -0.684479 -0.652367 
-14.0772 -0.401376 2.76583 -0.786295 -0.812993 -3.83336 -0.417226 -0.103516 0.576891 -1.05976 0.468575 -0.344132 -0.336107 
-18.2863 -6.20944 0.248152 -0.435535 -0.616269 -1.94819 0.262783 -1.48085 0.648203 0.505372 -0.333306 -0.418445 -0.172642 
-15.7922 -2.40541 1.66632 2.2366 2.84034 -1.02204 2.56963 -1.4442 0.0328683 0.195381 -0.0382546 0.356738 -0.70152 
-17.8083 -3.80101 1.98468 -1.80044 -1.3048 -1.10331 -0.124394 -1.50969 0.258484 -0.76508 0.391502 -0.941784 -0.0566582 
-15.6867 0.238792 2.64803 -1.348 0.34724 -1.96557 1.24576 -0.761665 0.959307 -0.141332 0.326916 -0.975796 -0.612246 
-16.362 -2.75991 0.11418 -0.636224 1.51539 -2.74536 0.47127 -2.1599 -0.775557 -0.656281 -0.833482 0.895828 -0.0433983 
-18.7749 -3.63391 2.86554 1.11978 0.130649 -1.47154 1.08741 -0.979706 1.5118 -0.556296 0.410804 -0.205753 -0.479707 
-13.5576 -2.10072 2.81997 0.197868 0.62142 -1.12828 -0.666376 0.107901 1.41982 -0.630127 -0.124635 -0.739127 -0.00104026 
-18.4959 -4.14754 2.18604 -1.93843 -1.81406 -1.43889 0.939901 -0.266713 1.9907 0.315845 -0.444891 0.312712 -0.117071 
-15.0509 -1.59373 1.38881 -0.796112 0.892022 -0.895676 0.862775 -0.891322 0.953012 0.114454 1.68425 -0.0961544 -0.180488 
-21.1864 -4.36128 1.92306 -0.55055 1.34495 -0.6539 0.393025 -1.21845 1.55755 -0.0720399 -0.325898 -1.02318 0.0249156 
-12.0342 0.326241 2.35507 -0.800035 -0.303971 -2.89661 -0.398897 -0.315648 1.06923 -1.05793 0.00951787 -0.359732 0.766187 
-15.9346 -4.0559 0.577101 -1.27277 0.405604 -0.534251 0.817893 -0.396633 0.43686 -0.966123 -0.201923 0.322014 -0.264943 
-17.6558 -2.6732 3.13938 0.289228 1.27115 -0.702865 0.580976 -0.121542 1.59761 0.189166 0.782526 -0.480558 -0.291371 
-16.7175 -2.52148 0.569204 -1.92335 0.0734679 -1.67957 0.876504 -1.31722 0.410089 -0.350922 0.157934 -0.368588 -0.103551 
-15.2387 -2.04482 2.52086 -1.46679 -1.8 -2.48571 0.388255 -0.23785 1.13521 -1.39881 -1.2596 0.161359 0.501787 
-17.6158 -3.17157 1.44534 0.213074 0.485512 -3.08192 0.123648 -0.516479 0.757495 -1.4429 -0.626137 -0.89023 -0.313975 
-16.8509 -2.96391 1.71203 0.169746 2.00896 0.892854 1.79684 -1.05228 0.790097 0.0566368 1.15682 -0.366679 -0.229499 
-14.3361 -2.26537 2.95749 0.146953 -0.179562 -2.38003 -0.836544 -0.910755 0.521241 -0.871155 -0.874775 0.0200493 0.179153 
-16.8835 -3.23202 2.86405 0.796514 0.99118 -1.00994 0.75927 -0.554982 1.06802 0.243827 0.24006 0.156103 0.0907024 
-15.6136 -2.84113 1.38804 -0.657433 1.05133 -2.33445 -0.591938 -0.23747 0.213485 -0.234309 0.656387 -0.0236352 -0.0925524 
-16.6337 -1.44847 2.66078 0.991218 2.25736 -1.64765 0.588142 -0.609016 0.91384 -0.63075 -0.121448 -0.823047 0.475161 
-13.4089 -0.112332 3.15657 -0.368988 0.101934 -2.49636 -1.20848 -1.57122 0.977799 -0.657142 -0.26321 -0.664312 -0.211335 
-18.3841 -4.45682 1.9676 -0.467119 -0.0741117 -0.167208 1.32208 -1.61585 -0.000666412 -0.865833 -0.693735 -0.510249 0.0773789 
-12.2957 -2.72538 1.60415 0.795984 1.03701 -0.504953 1.46638 -1.01609 -0.584109 -0.482003 -0.288199 0.522031 -1.17125 
-18.9972 -2.675 2.58287 -1.63696 0.556005 -1.77531 -0.191574 -0.957715 -0.0629762 -0.85089 -0.251327 -0.545202 -0.3433 
-15.665 -0.677204 3.8541 -1.63749 -1.60412 -2.53416 -0.900911 -1.67912 1.34038 -0.635685 -0.700968 -0.0429465 -0.297048 
-17.8141 -5.6601 -1.8577 -1.73429 -0.0932049 -2.30362 1.39617 -1.38102 -0.196148 0.16236 -0.344635 -0.570837 -1.08956 
-14.7942 -3.18503 3.14432 2.001 0.976963 -0.87457 1.76749 0.300533 0.924986 1.06189 1.1271 -0.0289218 -0.778075 
-14.8601 -2.9298 2.86095 -0.0524127 -0.293065 -3.13426 -1.32521 -0.345432 -0.343532 -0.753825 -0.45606 -0.175772 0.847749 
-14.6507 -1.15189 2.16143 -0.0272959 0.104202 -1.38718 1.27967 -1.06223 0.759557 -1.1616 0.493851 -0.173831 -0.219469 
-16.9772 -2.31124 1.7624 0.883422 1.27709 -2.43899 0.567864 -1.13638 1.01281 -0.0873736 0.346175 -0.914452 0.289066 
-19.0832 -3.64914 1.35137 1.232 2.46153 -0.479893 1.53339 -1.70105 0.768999 -0.901361 0.226296 0.134487 0.0401216 
-14.5792 -1.17746 2.25543 -1.00776 -0.598671 -3.04262 -1.23421 -0.596916 1.27437 -1.5522 -0.0526428 -0.314925 0.337315 
-19.0618 -5.17317 -0.0915408 0.523121 0.240447 -0.271332 2.53755 -1.70273 1.58842 -1.2005 -0.157975 -0.191255 0.487739 
-16.5346 -1.07357 1.66539 -0.409576 2.18518 -2.21173 1.30378 -0.294312 0.793491 0.374869 -0.0973904 -0.225274 -0.169734 
-21.2673 -3.77998 1.06908 -1.36824 0.967088 -2.18181 -0.0228308 -1.3512 0.823054 -0.746009 -0.232943 -1.31403 -0.108093 
-14.108 -0.108327 2.87622 -0.644111 -0.475139 -3.49224 -0.61476 -0.846814 1.74409 -0.665082 -0.767169 0.0990484 -0.0600249 
-21.9974 -6.96556 0.515889 -0.924777 -0.325661 -0.961107 1.13989 -0.652191 1.62781 -0.554162 -0.655783 -0.194068 -0.548285 
-17.3826 -3.24495 1.69367 -1.26427 -0.00667994 -1.31668 0.286765 -1.28251 1.15702 0.515736 0.232409 0.0191672 0.0435 
-16.764 -3.09009 2.13141 -0.269991 -1.72424 -1.734 1.25454 -2.06869 0.0614193 -0.995642 0.251771 -0.546108 0.529414 
-14.897 -2.09308 2.46996 -0.718232 -0.670705 -2.16187 0.226549 -0.466637 0.604721 -0.919575 -0.402481 -0.228173 -0.382885 
-17.6941 -3.7876 -1.48596 -0.340016 0.442742 -3.34824 1.65377 -0.867346 0.698071 -1.03483 0.420288 -0.877252 0.123422 
-19.7826 -4.91072 2.16318 1.50133 -0.86513 -2.4015 2.15695 -0.91373 1.15744 0.11917 0.696865 -0.330928 -0.326852 
-12.3583 -1.80962 1.06001 -0.748445 -0.183446 -2.18033 0.715985 -1.00813 -0.55949 0.127238 0.426079 -0.552934 -0.739339 
-18.8609 -4.01382 1.88671 -0.622523 0.862291 0.0162604 1.84015 0.0333206 1.17519 0.0128694 0.388703 -0.217499 0.622307 
-15.8163 -2.46034 2.304 1.6344 1.87558 -0.678169 2.25467 -0.939345 0.131895 -0.0208689 0.36586 -0.633619 -1.14933 
-22.4312 -3.91501 1.73767 -2.15108 0.279654 -2.00308 0.456736 -1.27396 0.368415 0.0944959 0.750581 -0.220311 0.527843 
-12.771 -0.86203 1.4562 -1.06888 -0.494352 -3.16735 -1.0656 -0.647874 0.915761 -0.32871 1.16254 -1.2816 -0.634 
-20.7247 -5.4532 1.37888 -1.6198 0.63834 0.153135 0.0276025 -1.26544 1.48411 0.317528 0.135103 -0.199301 0.0451619 
-18.8059 -1.93255 3.3786 -0.864257 3.35821 0.616209 0.978711 -0.123876 0.35502 0.284755 0.754612 0.676616 -0.499094 
-18.6893 -3.02727 0.667563 -1.52105 -0.076111 -2.81012 -0.0689785 -1.4842 1.30749 -0.554062 -0.298922 -1.07405 -0.498273 
-14.3951 -0.360927 2.9148 -0.856687 0.619503 -1.91741 -0.559729 -0.606901 1.08592 -0.818498 0.24279 -0.382538 -0.637185 
-18.0979 -4.20711 -0.694294 -0.480167 1.14338 -2.56234 1.51556 0.333339 1.33471 -0.71013 -0.751133 -1.09059 -0.163802 
-19.6717 -1.73765 4.1103 0.962387 0.608783 -1.67199 2.55191 -0.250032 0.571649 -0.291902 1.21034 -0.357611 0.445405 
-16.0159 -1.95412 2.81593 -1.11787 -1.13577 -2.85022 0.150385 -1.58877 -0.188551 -0.489851 -1.2567 -0.285381 0.327257 
-16.6194 -3.83525 2.16147 -0.14402 -0.512734 -1.99036 -0.113208 -0.486715 0.31709 -1.35047 -0.0265466 -0.24608 -0.0839802 
-15.7478 -2.2586 1.74318 -0.284407 -0.0316842 -2.42561 0.506261 -1.03831 -0.332534 -0.764122 0.662939 -0.875942 0.222119 
-18.2486 -2.88698 2.23845 -0.0366715 0.806279 -1.85342 0.363896 -0.518062 0.570723 -1.65415 -0.0138701 -0.447902 0.00261052 
-12.7166 -0.86218 1.16801 -1.75481 -0.745866 -2.59215 0.00460168 -0.907336 0.36042 -0.878297 -0.148859 -0.41013 -0.0721602 
-20.8075 -5.53006 0.81232 0.688277 0.496982 -3.08036 1.87238 0.223546 -0.0206791 -0.862944 0.101582 -0.307074 0.345505 
-18.5703 -2.50257 1.16341 0.67346 3.44709 -0.753038 2.75074 0.61053 0.403567 -0.409919 1.0066 -0.57686 0.498514 
-18.993 -4.68101 1.04999 -1.43148 -0.00536053 -1.96311 0.334484 -1.287 -1.34249 -1.69142 -0.516037 -0.519806 -1.55831 
-15.8192 -1.43694 2.94504 -0.16545 0.752838 -2.0028 -1.0325 -1.21545 0.797668 -0.888257 0.617841 -0.420016 -0.535765 
-18.8221 -5.69743 -0.0144394 -0.882176 0.0478987 -0.63614 0.179994 -2.62062 0.652631 -0.39205 -0.823875 -0.942987 0.161004 
-16.7151 -1.8273 3.2529 -0.289863 1.2584 1.6768 1.43414 -1.55851 2.22784 0.434131 0.380179 0.141723 0.897837 
-18.897 -3.19818 0.628944 -2.46171 -1.06958 -3.39282 0.147465 -1.48148 -0.094592 -1.57169 -0.790484 0.139164 0.499748 
-16.5625 -2.65867 2.79601 -0.872886 0.614175 -1.44673 0.45128 -0.142985 -0.102733 0.0165364 0.12222 -0.0671673 -0.409763 
-16.8336 -2.85107 1.86847 -0.233433 0.761804 -0.374224 1.94803 -0.581379 0.00353422 -0.960779 0.121758 -1.17916 -0.381294 
-21.1131 -2.95623 1.89128 0.146219 2.78396 -1.69692 0.885403 -0.235365 1.13359 -0.638972 0.540659 -0.401652 0.108977 
-14.3342 -0.170704 2.75291 -2.9519 -0.71226 -2.03419 -1.21048 -0.785472 0.755974 -0.663997 0.0300278 -0.629054 0.0599514 
-17.9648 -4.31077 1.24159 -0.982044 0.555756 -0.114184 2.89426 0.182616 -1.18074 -0.504766 0.543121 -1.07435 -0.544095 
-16.7004 -2.83793 2.58657 0.428785 1.40385 -0.497165 1.57007 -0.00896742 1.9075 1.48193 0.459824 0.117689 0.492268 
-19.8065 -3.60894 3.78243 -0.412765 -1.00063 -1.93187 -0.616428 -1.82723 0.369264 -1.39718 -0.443903 -0.316861 0.253374 
-13.9121 -1.3493 3.40587 -0.102863 -0.48474 -2.30633 -1.07965 -0.498118 1.2285 -1.03475 -0.0330704 -0.305844 -0.146933 
-23.0448 -3.13769 2.07408 -1.04997 1.99355 -1.32985 1.07917 -1.4882 0.185006 -0.723186 0.528087 -0.24596 0.58451 
-18.3918 -3.37247 1.93453 1.56548 1.76668 0.341423 3.29716 -0.202725 1.34089 -0.340282 1.39369 -0.889677 -0.657313 
-18.7992 -3.78365 1.38972 -2.64081 -0.959952 -2.94082 -0.885882 -1.17873 -1.10733 -1.50498 -0.352007 -0.956421 -0.316987 
-14.5447 -1.75399 1.49845 -0.111009 0.880968 -2.12928 0.24748 -0.516567 0.0598483 -1.52605 0.547298 -0.227389 -0.659223 
-15.5175 -1.00447 0.478237 -2.42045 -0.235228 -1.92733 0.164659 -2.01191 0.582611 -1.41241 0.864116 0.324703 -0.142784 
-17.177 -3.35087 2.35787 1.3943 0.535773 -2.32267 1.73778 -0.488698 -1.11099 -0.8392 1.39682 -0.155676 -0.213828 
-14.6026 -0.872857 2.8276 -1.34797 -1.45607 -3.10328 -0.560546 -0.551757 1.13059 -1.35091 -0.315124 -0.0779745 0.340522 
-17.0419 -2.65163 -0.127791 -2.00117 0.912642 -1.7789 0.297431 -0.784487 0.856368 -0.65554 0.720096 -0.295789 0.0778744 
-15.1186 -1.78515 0.682391 -0.57491 0.584281 -1.66331 0.835796 -1.97696 0.487143 -0.565202 0.800677 0.257083 0.0202387 
-16.0713 -2.82723 -0.534004 -2.00692 0.904181 -1.87302 -0.970385 -1.96543 1.3839 0.157072 -0.18556 -1.41604 -0.284118 
-11.2278 -0.0986724 2.6324 0.334227 -0.274795 -2.64634 -0.406299 -0.852495 0.673341 -1.13538 0.0940926 -0.733512 -0.350692 
-15.4795 -0.221866 1.29612 -4.65056 -1.20579 -1.27754 0.78095 -1.82261 -0.163466 0.142969 0.535251 -0.506228 -0.131446 
-14.6711 -0.65759 2.30495 -0.672976 1.54486 -0.504257 2.263 0.29382 1.01952 1.05676 1.20488 -0.160672 -0.16735 
-17.5867 -4.55841 1.98785 0.0376995 -0.818072 -1.99954 0.453634 -0.930036 -0.136082 -0.881076 0.0596094 -0.366515 0.454889 
-15.6106 -3.13425 0.86927 -1.4225 -1.68174 -3.05177 -0.647721 -2.18788 -0.362163 -1.45796 0.293517 0.072483 -0.225418 
-17.4302 -1.93178 0.198719 -3.89412 0.395149 -1.29576 0.537533 -2.25273 -1.98144 -1.6893 -0.0462754 -0.172738 -0.277695 
-17.0327 -2.01976 1.42593 0.706981 2.68118 -1.29377 1.48626 -0.223894 2.11654 0.709596 0.576681 0.1701 0.42928 
-15.2846 -1.09044 3.5734 -0.0373621 0.49521 -1.97247 -0.493166 0.0853557 1.40596 -1.15614 0.140989 -0.115168 0.0475833 
-14.2573 -1.17196 0.301747 -1.64203 0.748311 -2.36474 0.201851 -0.179656 1.04918 -0.46815 0.294239 -1.20208 0.43484 
-14.9653 -1.76573 1.75548 -0.483053 0.935207 -1.6915 0.846192 -0.813155 0.129974 -0.139431 -0.212101 -0.769386 -0.552864 
-18.9557 -4.10658 1.53331 -0.409525 -0.225022 -1.47477 1.60723 -0.841564 0.699923 -0.145625 0.0153841 -0.900998 0.561015 
-12.52 -2.77925 2.50235 0.0811884 -1.53639 -2.41529 -0.778828 -1.10503 -0.0701795 -0.464122 0.0802383 -0.906098 -0.422784 
-16.9246 -4.3245 -1.26165 -3.00964 -0.715786 -3.08164 -1.29341 -0.411342 2.20337 0.0551298 0.362183 -0.0986178 -0.0396313 
-12.3987 -0.109736 1.54115 -0.400963 1.43583 -1.66852 0.817434 -1.61748 -0.389191 0.0781665 0.973381 0.487419 -0.67166 
-12.6249 -1.68809 2.31083 -0.191418 0.0718119 -0.242753 1.07853 -1.63223 -0.111947 -0.407703 -0.252012 0.106746 0.414993 
-13.7631 -0.739704 1.78712 -1.68928 -1.28937 -0.809941 1.82964 -0.794251 1.25826 -0.939676 0.132509 -0.931263 -0.0819151 
-18.8811 -3.53217 3.27349 -0.638364 -1.66927 -1.71442 0.723938 -0.648006 0.972593 -1.1982 -0.221506 -0.764987 0.33679 
-15.1168 -2.67328 -0.718757 -0.203579 1.22051 -2.70827 0.480557 -1.00906 -0.0924418 -1.04816 0.914719 -1.4363 -0.240402 
-13.7019 -2.40088 0.89828 -0.229583 -1.11385 -2.40492 0.204481 -1.86717 1.32703 0.313387 0.289381 -1.44842 -0.505286 
-14.3573 -1.88498 0.313413 -0.500431 1.21077 -2.59044 1.02209 -0.0423005 0.891565 -0.133499 -0.249228 -0.339597 -0.193094 
-16.9779 -1.19002 2.00072 -2.89129 -0.932467 -1.41523 0.64512 -0.938933 1.44104 -0.794301 0.561811 0.391257 -0.632614 
-19.7194 -2.01907 1.9968 0.284432 3.18111 -1.49163 0.683537 0.290542 1.46199 -1.62947 0.153195 -0.57443 0.329063 
-14.1392 -0.56441 3.84532 1.49462 0.687419 -2.79975 -1.38971 -1.8063 1.69825 0.260243 0.0955927 -1.20153 -0.517547 
-15.7613 -3.47916 -0.396358 0.592084 1.11405 -3.26751 0.845279 -0.573724 0.868196 -0.205425 -0.130943 -0.479553 0.162645 
-20.7125 -4.35302 1.69587 0.52627 1.78174 0.288677 2.00835 -0.0521603 2.57328 0.140039 1.45916 -0.170268 0.395211 
-22.4186 -2.73673 2.38833 -1.30593 -0.473746 -1.42962 1.60235 -2.09947 1.27581 -0.871466 0.218742 -1.38673 0.53692 
-13.8185 0.165037 2.40471 -1.10389 0.734148 -2.60429 -0.836675 -0.355057 1.40337 -1.71367 -0.5709 0.0354881 -0.656317 
-19.6072 -5.46882 0.145587 0.32249 1.23392 -2.73614 1.14696 0.0311145 0.448191 0.330746 0.418026 -0.592977 -0.3192 
-16.2708 -2.67281 1.41395 0.38573 2.00356 -0.0487178 1.26808 0.0805504 2.16268 -0.224918 1.50585 0.417294 -0.0599888 
-16.8076 -2.70999 2.12188 -1.73873 -0.484051 -1.3966 -0.0407416 -1.15951 -0.0327924 -0.630525 0.552916 -0.290111 0.236893 
-15.2666 -1.52435 1.96526 -1.04861 0.125768 -1.38228 -0.25966 -1.43504 1.44122 -0.547026 0.359217 -0.0822786 0.043337 
-19.0659 -2.52908 2.37795 -0.695764 1.0833 -1.10574 0.436089 -1.24814 0.554094 -0.365988 1.07135 -0.803244 -0.144279 
-15.895 -2.91529 0.201371 -0.185813 1.44654 -1.38641 2.2436 -0.0393673 1.02077 0.449338 0.666819 0.108988 -0.203221 
-14.1553 -0.381422 0.79872 -1.6906 0.1603 -2.22084 0.0742842 -0.846383 1.38268 -1.40293 0.708758 -0.39578 -0.225987 
-19.7553 -5.55218 1.40336 0.296624 0.562596 0.309942 1.08569 -1.56073 1.51717 -0.378841 0.397508 -0.319941 -0.542479 
-13.8964 -1.07492 1.4981 -1.20117 1.96959 -1.00265 0.850999 0.783721 0.731026 0.475202 0.92061 -0.347196 0.107958 
-19.2799 -3.93688 2.37251 -0.249309 1.24714 0.102537 1.70774 -0.657911 0.43461 0.111221 0.512568 -0.758781 -0.812128 
-12.4296 0.240114 1.94665 -1.45619 -0.131745 -2.76369 0.125433 -0.873381 0.100941 -0.144902 0.232976 -0.848008 -0.328397 
-19.8322 -5.50996 1.32657 -1.28676 -1.66244 -1.97087 0.748059 -1.57732 -0.861352 -0.538254 1.12248 -0.30033 -0.261096 
-16.7114 -3.06021 0.520833 -0.283354 1.76283 -1.88378 1.63063 -1.27651 0.651573 1.71412 0.0810895 0.923836 -0.101987 
-16.108 -2.88505 2.84304 0.957948 0.193655 -1.54397 1.0882 -0.142484 1.46903 0.272876 0.636942 -0.46759 -0.592117 
-16.8198 -1.31651 2.95805 0.814867 1.43277 -1.42266 1.26855 -0.787153 0.510888 -0.770287 1.06185 0.244123 0.958356 
-14.1241 -2.98843 -0.147055 -0.226969 0.391161 -1.7598 0.58106 -1.91109 -0.572185 -1.16114 0.889639 -0.00929942 -0.0263713 
-16.561 -3.67652 1.56024 1.30215 1.35785 -1.18349 0.745544 -0.979333 1.09162 -0.369968 0.622219 0.135578 -0.25398 
-15.7989 -1.68722 2.62898 -0.391642 0.613393 -2.97184 -0.920166 -0.381222 0.339111 -0.682587 0.0854807 -0.857177 0.0620937 
-23.4368 -2.72804 4.01154 0.153813 1.28481 -1.7314 0.450162 -0.592562 1.65893 -0.942388 1.12188 -0.644365 0.284326 
-19.1391 -3.7564 2.45458 2.37303 1.67984 -2.21798 0.65774 -1.05107 0.662094 -1.08041 0.920452 0.19087 0.12517 
-18.3299 -2.97645 2.19746 0.278945 0.530934 -1.08842 2.39213 -1.62288 0.123524 -0.764675 -0.927661 0.207061 0.479487 
-12.2472 -0.407204 3.56023 -0.191638 -0.480374 -2.5788 -0.933837 -0.189851 0.753869 -0.844337 -0.115282 -0.636957 0.226851 
-17.9571 -5.03772 0.829799 1.27939 1.90964 -1.26741 0.553806 -0.434534 1.04628 -0.710088 -0.346204 -0.322303 0.437677 
-14.171 -2.16474 2.18699 -0.241188 0.262719 -0.620608 1.33234 -0.949664 1.30631 1.49846 0.546841 0.17529 0.162219 
-16.0345 -3.70527 0.524553 -0.69083 0.0521868 -1.5339 0.734341 -1.50167 -0.162207 -0.942043 -0.287505 -0.172586 0.370966 
-15.9734 -0.536154 4.65675 -0.645814 0.529461 -2.53154 -1.17437 0.540083 1.01836 -0.931509 0.271485 0.381368 -0.0188262 
-13.5436 -1.40035 2.24185 1.32983 2.08166 -1.31163 1.50404 0.160021 0.643532 0.446083 0.277874 -0.796277 0.486811 
-12.8058 -1.08553 3.04688 1.44982 0.673631 -0.139819 2.70105 -0.493819 1.46489 0.90014 0.818495 -0.186392 -0.720741 
-15.4819 -0.931967 2.45805 -1.8328 -0.761938 -2.44983 0.00511079 0.00133039 0.976509 -1.41408 0.373691 0.261149 0.739517 
-15.3708 -3.52055 2.69675 0.25515 -1.67694 -2.61453 0.236634 -0.235892 1.29034 -0.21543 -0.560559 -0.821365 -0.171128 
-16.2676 -3.26951 1.63113 0.957781 -0.268309 -2.28881 1.14201 -1.67481 0.939763 -0.56603 -0.917317 -0.660382 -0.34163 
-17.7032 -3.86711 1.41587 -0.355338 0.44435 -0.103248 1.84753 -0.506064 1.19663 -0.744811 -0.302428 -0.761053 0.0666033 
-14.2788 -2.16718 2.23795 -1.25443 -0.632795 -3.17173 -1.23334 0.205096 0.685934 -0.842793 -0.411792 -0.027763 0.0785374 
-20.4275 -4.70385 3.59821 1.41543 0.976642 -2.171 1.19466 -0.450152 -0.370386 0.253971 -0.287317 -0.0628569 -0.455813 
-14.7416 -1.68271 2.07441 0.967925 2.30448 -1.72468 -0.428402 -0.770863 1.49563 0.50255 0.817055 -0.570853 -0.842585 
-16.2619 -4.06162 1.62975 -0.924219 -1.18961 -1.3957 1.07528 -1.86886 -0.790253 -0.668266 -1.07237 -0.285129 -0.304029 
-13.2843 0.201293 2.65219 -1.05749 0.40802 -1.62251 -0.976744 -1.74771 1.24313 -0.920242 0.0787951 0.0346746 0.00134908 
-18.1127 -5.47601 -0.974982 -0.554294 0.933566 -2.30178 1.44035 -0.112061 -0.509347 -0.714385 0.0962155 -0.436723 -0.0501633 
-16.3998 -1.9127 2.68201 0.34494 2.04139 0.397133 2.18149 -0.92676 0.709358 0.479069 0.209258 -0.252024 -0.19408 
-15.3653 -2.30175 0.970201 -1.4738 0.326452 -2.63769 -0.442335 -2.36415 -0.325817 0.888405 -0.299181 -0.572391 -0.429268 
-16.1987 -3.15932 3.16284 -0.466039 0.236478 -1.7129 -0.815814 -0.860716 0.00664156 0.389179 -0.213066 -0.615154 -0.144293 
-18.1606 -2.58539 -0.331356 -1.47419 1.16184 -2.16546 1.91448 -1.03362 0.395055 -0.551443 -0.797081 -1.31261 0.129344 
-16.0385 -0.486697 1.52951 -0.693636 1.53353 -1.31886 2.54364 0.247611 1.49551 -0.213606 0.376876 -0.160221 0.818515 
-13.6467 -1.66186 1.50601 -1.91903 -1.26798 -2.36851 0.684702 0.251476 -0.262417 -1.06613 0.868168 -0.0858873 0.580537 
-16.6976 -2.21474 5.21995 0.740555 1.42172 1.32719 2.1703 0.0305542 -0.232368 -0.051237 0.651409 0.739666 0.478934 
-15.796 -0.482026 2.51703 -0.55872 2.47826 -2.41692 -0.619518 -0.22954 1.13051 0.361501 0.148475 -0.703308 -0.945259 
-21.7749 -4.69361 1.30102 -1.66139 0.610556 -1.01323 0.489556 -1.40428 -0.0952059 -1.36731 -0.590164 -1.65373 -0.237008 
-12.729 -0.783 4.37808 -0.228949 -1.10047 -2.19059 -0.459588 0.433256 1.29607 -1.03136 -1.02176 0.00167663 0.600409 
-18.3336 -5.02752 1.0215 1.33692 3.0887 -1.99365 -0.040657 0.473877 0.872631 0.58978 0.308408 -0.39106 -0.17762 
-19.5257 -4.63711 2.38093 0.468317 3.00862 1.41382 2.3065 0.525815 0.425166 0.13406 0.787567 0.220879 0.015295 
-17.6688 -3.64468 2.7411 -0.249803 -1.68186 -2.8508 0.115108 -1.5233 0.0495117 -1.41474 -0.875296 0.507847 0.948803 
-14.8527 -0.275416 3.20272 -1.45219 0.645323 -1.84596 0.124163 -1.09824 0.417004 0.610621 -0.734378 -0.482273 -0.285768 
-18.4001 -4.83804 0.559186 -0.866525 -0.558548 -0.936245 1.37697 -1.79877 1.03964 -0.25439 -1.65155 -1.62734 0.266296 
-20.3129 -2.68619 4.15087 -0.116789 0.637706 -0.0781077 2.01921 0.19891 2.23452 0.961016 0.270269 -1.15123 1.22684 
-17.201 -1.62545 2.2952 -0.948851 -0.897766 -4.6007 -1.19121 -0.785039 1.35665 -1.46692 -0.680902 -0.14942 0.0349398 
-18.4979 -3.95446 1.73126 -0.303668 0.624693 -1.73513 0.666299 -1.11826 0.302076 -0.348332 -0.519496 -0.161929 -0.423017 
-18.43 -2.67203 2.04118 -0.228916 1.44534 -2.333 0.244174 -0.248069 1.4056 0.00727186 -0.172607 -0.275674 0.162713 
-19.405 -1.53128 2.84928 -0.577134 1.25172 -0.364679 1.22258 -1.30463 1.23911 -1.27887 0.516277 -0.986699 -0.247675 
-13.244 -2.02612 2.37046 -0.150474 -0.961004 -3.01084 -0.688619 0.00247431 1.25194 -0.519154 -0.246735 -0.546468 0.520753 
-21.8239 -6.88923 -1.27152 -0.593429 0.521359 -2.50912 0.0692224 -0.994811 1.58652 -1.52637 -0.655983 -0.742627 -0.341506 
-17.2507 -2.61821 1.65509 0.94114 2.25722 -0.764818 1.85419 -0.893793 1.94387 1.00245 0.151771 -0.269135 -0.54805 
-19.0948 -4.88791 1.16249 -1.79852 -0.296486 -1.38539 -0.79473 -1.57091 -0.149453 -1.82215 -1.04003 -0.738628 -0.0793887 
-14.31 -0.135602 2.2436 -1.62284 0.00900779 -2.46353 -1.02567 -1.05569 1.45558 -0.76333 0.221426 -0.711839 -0.610685 
-17.7109 -4.61882 -0.630754 -0.670812 0.856762 -2.27036 1.04125 -0.0299747 0.180609 -1.26817 0.0890481 -0.170895 0.536859 
-16.6721 -3.10539 1.34139 1.63128 1.25618 -1.47576 2.9993 -0.0256324 1.19878 -0.210635 0.150287 -0.370651 -0.27834