449
13
Stop
Phillip
-61.0675 -6.9975 0.29198 -10.5647 -0.44135 -6.85286 -0.176152 -7.02391 0.950388 -5.25251 0.0859876 -2.60152 0.139552 
-132.01 -25.3526 -2.17315 -19.6585 -1.99852 -17.0055 -1.71389 -13.6805 -1.37933 -9.63122 -0.822291 -4.86915 -0.119716 
-198.691 -35.5365 -2.17315 -29.2505 -1.99852 -25.4482 -1.71389 -20.4833 -1.37933 -14.3987 -0.822291 -7.3242 -0.119716 
-265.373 -45.7204 -2.17315 -38.8425 -1.99852 -33.8909 -1.71389 -27.286 -1.37933 -19.1661 -0.822291 -9.77926 -0.119716 
-332.054 -55.9042 -2.17315 -48.4345 -1.99852 -42.3336 -1.71389 -34.0888 -1.37933 -23.9335 -0.822291 -12.2343 -0.119716 
-398.735 -66.0881 -2.17315 -58.0266 -1.99852 -50.7763 -1.71389 -40.8915 -1.37933 -28.701 -0.822291 -14.6894 -0.119716 
-465.416 -76.272 -2.17315 -67.6186 -1.99852 -59.219 -1.71389 -47.6943 -1.37933 -33.4684 -0.822291 -17.1444 -0.119716 
-532.098 -86.4558 -2.17315 -77.2106 -1.99852 -67.6617 -1.71389 -54.497 -1.37933 -38.2358 -0.822291 -19.5995 -0.119716 
-598.779 -96.6397 -2.17315 -86.8026 -1.99852 -76.1044 -1.71389 -61.2998 -1.37933 -43.0033 -0.822291 -22.0545 -0.119716 
-665.46 -106.824 -2.17315 -96.3946 -1.99852 -84.5471 -1.71389 -68.1025 -1.37933 -47.7707 -0.822291 -24.5096 -0.119716 
-732.142 -117.007 -2.17315 -105.987 -1.99852 -92.9898 -1.71389 -74.9053 -1.37933 -52.5381 -0.822291 -26.9647 -0.119716 
-798.823 -127.191 -2.17315 -115.579 -1.99852 -101.433 -1.71389 -81.708 -1.37933 -57.3056 -0.822291 -29.4197 -0.119716 
-865.504 -137.375 -2.17315 -125.171 -1.99852 -109.875 -1.71389 -88.5108 -1.37933 -62.073 -0.822291 -31.8748 -0.119716 
-932.185 -147.559 -2.17315 -134.763 -1.99852 -118.318 -1.71389 -95.3135 -1.37933 -66.8405 -0.822291 -34.3298 -0.119716 
-998.867 -157.743 -2.17315 -144.355 -1.99852 -126.761 -1.71389 -102.116 -1.37933 -71.6079 -0.822291 -36.7849 -0.119716 
-1065.55 -167.927 -2.17315 -153.947 -1.99852 -135.203 -1.71389 -108.919 -1.37933 -76.3753 -0.822291 -39.24 -0.119716 
-1132.23 -178.111 -2.17315 -163.539 -1.99852 -143.646 -1.71389 -115.722 -1.37933 -81.1428 -0.822291 -41.695 -0.119716 
-1198.91 -188.294 -2.17315 -173.131 -1.99852 -152.089 -1.71389 -122.525 -1.37933 -85.9102 -0.822291 -44.1501 -0.119716 
-1265.59 -198.478 -2.17315 -182.723 -1.99852 -160.532 -1.71389 -129.327 -1.37933 -90.6776 -0.822291 -46.6051 -0.119716 
-1332.27 -208.662 -2.17315 -192.315 -1.99852 -168.974 -1.71389 -136.13 -1.37933 -95.4451 -0.822291 -49.0602 -0.119716 
-1398.95 -218.846 -2.17315 -201.907 -1.99852 -177.417 -1.71389 -142.933 -1.37933 -100.213 -0.822291 -51.5152 -0.119716 
-1465.64 -229.03 -2.17315 -211.499 -1.99852 -185.86 -1.71389 -149.736 -1.37933 -104.98 -0.822291 -53.9703 -0.119716 
-1532.32 -239.214 -2.17315 -221.091 -1.99852 -194.302 -1.71389 -156.538 -1.37933 -109.747 -0.822291 -56.4254 -0.119716 
-1599 -249.398 -2.17315 -230.683 -1.99852 -202.745 -1.71389 -163.341 -1.37933 -114.515 -0.822291 -58.8804 -0.119716 
-1665.68 -259.581 -2.17315 -240.275 -1.99852 -211.188 -1.71389 -170.144 -1.37933 -119.282 -0.822291 -61.3355 -0.119716 
-1732.36 -269.765 -2.17315 -249.867 -1.99852 -219.631 -1.71389 -176.947 -1.37933 -124.05 -0.822291 -63.7905 -0.119716 
-1799.04 -279.949 -2.17315 -259.459 -1.99852 -228.073 -1.71389 -183.749 -1.37933 -128.817 -0.822291 -66.2456 -0.119716 
-1865.72 -290.133 -2.17315 -269.051 -1.99852 -236.516 -1.71389 -190.552 -1.37933 -133.585 -0.822291 -68.7006 -0.119716 
-1932.4 -300.317 -2.17315 -278.643 -1.99852 -244.959 -1.71389 -197.355 -1.37933 -138.352 -0.822291 -71.1557 -0.119716 
-1999.09 -310.501 -2.17315 -288.235 -1.99852 -253.401 -1.71389 -204.158 -1.37933 -143.119 -0.822291 -73.6108 -0.119716 
-2065.77 -320.685 -2.17315 -297.827 -1.99852 -261.844 -1.71389 -210.96 -1.37933 -147.887 -0.822291 -76.0658 -0.119716 
-2132.45 -330.868 -2.17315 -307.419 -1.99852 -270.287 -1.71389 -217.763 -1.37933 -152.654 -0.822291 -78.5209 -0.119716 
-2199.13 -341.052 -2.17315 -317.011 -1.99852 -278.729 -1.71389 -224.566 -1.37933 -157.422 -0.822291 -80.9759 -0.119716 
-2265.81 -351.236 -2.17315 -326.603 -1.99852 -287.172 -1.71389 -231.369 -1.37933 -162.189 -0.822291 -83.431 -0.119716 
-2332.49 -361.42 -2.17315 -336.195 -1.99852 -295.615 -1.71389 -238.171 -1.37933 -166.957 -0.822291 -85.8861 -0.119716 
-2399.17 -371.604 -2.17315 -345.787 -1.99852 -304.058 -1.71389 -244.974 -1.37933 -171.724 -0.822291 -88.3411 -0.119716 
-2465.85 -381.788 -2.17315 -355.379 -1.99852 -312.5 -1.71389 -251.777 -1.37933 -176.491 -0.822291 -90.7962 -0.119716 
-2532.54 -391.972 -2.17315 -364.971 -1.99852 -320.943 -1.71389 -258.58 -1.37933 -181.259 -0.822291 -93.2512 -0.119716 
-2599.22 -402.156 -2.17315 -374.563 -1.99852 -329.386 -1.71389 -265.382 -1.37933 -186.026 -0.822291 -95.7063 -0.119716 
-2665.9 -412.339 -2.17315 -384.155 -1.99852 -337.828 -1.71389 -272.185 -1.37933 -190.794 -0.822291 -98.1613 -0.119716 
-2732.58 -422.523 -2.17315 -393.747 -1.99852 -346.271 -1.71389 -278.988 -1.37933 -195.561 -0.822291 -100.616 -0.119716 
-2799.26 -432.707 -2.17315 -403.339 -1.99852 -354.714 -1.71389 -285.791 -1.37933 -200.329 -0.822291 -103.071 -0.119716 
-2865.94 -442.891 -2.17315 -412.931 -1.99852 -363.157 -1.71389 -292.593 -1.37933 -205.096 -0.822291 -105.527 -0.119716 
-2932.62 -453.075 -2.17315 -422.523 -1.99852 -371.599 -1.71389 -299.396 -1.37933 -209.864 -0.822291 -107.982 -0.119716 
-2999.31 -463.259 -2.17315 -432.115 -1.99852 -380.042 -1.71389 -306.199 -1.37933 -214.631 -0.822291 -110.437 -0.119716 
-3065.99 -473.443 -2.17315 -441.707 -1.99852 -388.485 -1.71389 -313.002 -1.37933 -219.398 -0.822291 -112.892 -0.119716 
-3132.67 -483.626 -2.17315 -451.299 -1.99852 -396.927 -1.71389 -319.804 -1.37933 -224.166 -0.822291 -115.347 -0.119716 
-3199.35 -493.81 -2.17315 -460.891 -1.99852 -405.37 -1.71389 -326.607 -1.37933 -228.933 -0.822291 -117.802 -0.119716 
-3266.03 -503.994 -2.17315 -470.483 -1.99852 -413.813 -1.71389 -333.41 -1.37933 -233.701 -0.822291 -120.257 -0.119716 
-3332.71 -514.178 -2.17315 -480.075 -1.99852 -422.256 -1.71389 -340.213 -1.37933 -238.468 -0.822291 -122.712 -0.119716 
-3399.39 -524.362 -2.17315 -489.667 -1.99852 -430.698 -1.71389 -347.015 -1.37933 -243.236 -0.822291 -125.167 -0.119716 
-50.917 -15.9076 -2.80009 -7.69106 -1.74612 -4.65706 -1.03596 -5.37095 -1.91574 -2.98064 -1.54405 -1.6509 -0.190252 
-45.7664 -16.685 -3.87055 -6.98251 -2.99433 -5.73921 -2.80715 -5.46637 -3.01996 -4.03331 -1.58928 -1.46335 0.0674038 
-40.759 -15.9282 -1.91308 -6.84665 -3.89414 -5.20786 -3.49371 -3.65329 -2.9663 -2.39124 -1.42632 -1.95897 -0.09537 
-54.4174 -14.1928 -1.82383 -8.50668 -3.30587 -6.94268 -1.50432 -6.17842 -1.52324 -3.89208 -0.849323 -2.40248 -0.318784 
-48.9088 -13.1817 -1.2725 -8.13362 -3.33632 -6.44155 -1.54065 -4.97977 -1.69166 -2.58186 0.00208978 -0.95991 0.280263 
-44.6732 -16.1605 -2.17852 -7.87147 -3.46609 -3.45241 -2.53946 -3.66117 -1.16354 -2.88501 -1.41472 -2.90183 -1.01708 
-43.8721 -17.5268 -2.09188 -8.41706 -8.13303 -7.67729 -3.59629 -5.36786 -4.24749 -3.06495 -2.49721 -2.35699 0.195113 
-39.3972 -14.0288 -0.146585 -10.2091 -5.2 -3.48101 -4.6244 -3.92316 -2.85521 -1.92624 -1.7729 -1.45494 -0.203703 
-43.2763 -16.938 -1.82667 -7.37985 -3.37287 -5.02267 -4.82749 -3.76903 -2.89195 -3.28344 -1.64895 -1.34682 0.359961 
-38.9947 -13.1541 -1.55966 -6.88295 -1.72782 -5.08951 -4.31557 -2.64107 -2.20161 -2.85516 -0.710709 -2.06571 0.16159 
-40.309 -11.1173 0.896998 -8.34531 -3.73247 -5.00746 -3.04294 -3.28337 -2.07197 -2.7176 -1.61856 -1.16547 -0.517223 
-41.7179 -14.3309 -0.0127128 -7.22423 -5.03572 -4.68934 -2.84161 -3.8825 -1.97359 -2.51862 -1.28181 -1.97949 -0.218667 
-40.7679 -16.6455 -2.06902 -7.01461 -4.50449 -5.41867 -2.68069 -3.14665 -3.60543 -2.28379 -1.24985 -1.09552 -0.60826 
-42.4134 -18.9679 -4.13012 -10.3663 -5.61179 -5.77895 -5.43422 -4.21106 -6.05118 -3.7967 -1.81127 -2.30977 -0.454087 
-42.0545 -15.6543 -0.681256 -9.26174 -3.26339 -3.51315 -3.62192 -1.82184 -2.71209 -2.46144 -2.25221 -0.772622 0.00343418 
-44.7066 -17.6469 -5.67782 -11.2377 -5.31911 -4.95482 -4.99765 -6.52864 -2.58726 -4.18355 -2.37588 -1.48672 -0.86046 
-43.1901 -11.3413 -1.32168 -6.84635 -2.21568 -6.36372 -1.37173 -3.99427 -2.82345 -3.60711 -0.409308 -1.78785 -0.283632 
-40.0988 -13.7898 1.60418 -8.76001 -2.84048 -1.01397 -3.58076 -2.81431 -2.81443 -2.58905 -2.06853 -1.12765 -0.284807 
-44.88 -17.6562 -1.18675 -10.2913 -6.83916 -3.60866 -3.78813 -4.29321 -2.65388 -3.29552 -1.6196 -0.698397 -0.830161 
-40.6996 -14.3832 -2.3024 -6.70807 -2.4549 -4.22523 -2.4367 -3.40517 -2.36169 -3.0881 -0.0375991 -1.14411 -0.471645 
-37.4902 -14.1036 -0.852142 -4.67348 -2.99574 -5.2131 -3.3981 -2.89965 -2.12009 -2.95411 -1.19929 -1.72869 0.232215 
-43.8382 -19.2101 -1.98455 -5.65555 -2.00596 -5.25859 -5.61205 -2.76675 -2.57016 -2.99202 -2.86055 -2.0339 -0.833609 
-43.4781 -14.9218 -0.548149 -5.40388 -1.35397 -4.238 -3.2906 -5.20817 -2.46243 -2.66726 -2.3136 -0.505656 -0.126469 
-41.5068 -11.8712 1.89997 -4.90482 -1.30016 -3.12554 -1.864 -3.72484 -2.50422 -3.6687 -1.49596 -0.648985 1.1189 
-42.4725 -17.588 -1.3135 -6.48364 -2.42255 -3.35084 -4.02344 -3.58425 -3.75478 -2.93515 -1.79685 -1.6401 0.209777 
-41.4611 -17.5488 -1.20715 -5.20099 -5.09026 -4.93983 -1.95257 -3.59948 -3.35352 -2.64874 -1.76091 -1.86472 -0.104651 
-41.952 -17.7768 1.50779 -3.5492 -4.81669 -3.11562 -1.06185 -2.02512 -1.23379 -0.944862 -0.982702 -0.766917 1.04328 
-39.6728 -17.9446 0.975872 -4.19757 -4.60268 -3.54174 -5.14909 -3.96162 -3.48392 -3.4568 -1.43334 -1.5757 0.347986 
-42.7543 -19.7412 -3.11605 -4.46822 -2.79608 -3.56945 -1.98791 -3.44396 -2.61661 -1.67159 -0.371441 -0.678898 0.404954 
-43.9346 -20.2039 -2.31054 -6.99777 -5.47643 -6.24658 -4.78584 -2.58537 -2.59151 -1.66655 -1.03109 -1.2841 -0.471128 
-39.1455 -15.04 0.126434 -5.67774 -4.68757 -4.63474 -2.85564 -3.57373 -3.44841 -2.77666 -1.01318 -1.31401 0.23358 
-39.7471 -16.9032 -2.4213 -4.09243 -3.72493 -6.60227 -3.50934 -3.08061 -2.69875 -3.76565 -1.59839 -1.06792 1.33563 
-40.3983 -15.1806 -0.21987 -7.28462 -2.01205 -1.02802 -2.38611 -2.03729 -1.95885 -2.69838 -1.99043 -2.02748 -0.154207 
-43.9905 -20.4313 -1.17828 -6.24662 -4.5752 -3.73184 -4.66518 -4.66958 -3.66496 -1.63759 -2.36293 -2.53571 -0.468365 
-39.7606 -14.6057 -1.4552 -7.89392 -5.85599 -5.64199 -3.39652 -2.34231 -2.25731 -4.56308 -0.643152 -1.44001 -0.0887902 
-39.6725 -13.8339 2.38514 -5.54471 -5.2506 -3.89791 -2.58051 -4.46777 -3.08024 -2.25386 -1.11678 -0.650627 -0.367246 
-38.5092 -17.8221 -2.76778 -6.89515 -4.25783 -2.19848 -4.07556 -4.4488 -2.37467 -2.79888 -1.51481 -2.28686 -0.81157 
-41.8205 -19.837 -3.30531 -6.90225 -5.2472 -3.33052 -2.73107 -3.27741 -2.62032 -3.29622 -1.74806 -1.13439 0.452854 
-41.6644 -18.4529 -1.09077 -5.32432 -3.69921 -1.40274 -1.68045 -4.65782 -3.11638 -1.66933 -1.72351 -2.20655 -0.311778 
-35.0608 -14.7824 -1.14227 -5.34358 -3.24245 -4.09687 -4.93563 -4.42274 -2.55678 -1.88625 -1.55974 -1.38951 0.214832 
-36.9446 -15.9302 1.15305 -3.98978 -3.35855 -4.07827 -3.01862 -0.751468 -2.79493 -2.03401 -1.66378 -1.88911 -0.27195 
-38.5163 -14.8373 -0.839721 -7.64621 -2.65831 -3.48971 -4.3465 -2.27793 -3.44086 -2.92112 -0.864189 -1.28304 0.134931 
-42.5536 -18.7705 0.441532 -6.127 -5.89428 -3.47504 -2.33894 -3.88735 -5.03632 -2.19225 -1.05895 -0.99829 -0.0285103 
-40.2073 -16.0055 -1.15864 -7.77988 -5.77997 -5.50985 -3.13518 -1.57573 -2.94256 -3.31303 -1.11823 -2.06925 -0.132589 
-39.9751 -14.7811 -1.19889 -6.71565 -3.12859 -3.11108 -3.14858 -3.64573 -1.26178 -1.95111 -1.0487 -2.62646 -0.817259 
-37.1181 -15.331 -0.559865 -6.11323 -5.09857 -3.22109 -2.9101 -3.68519 -3.03625 -2.94516 -1.05398 -1.86524 0.406797 
-40.2454 -17.75 -1.74755 -9.00448 -6.61803 -4.96853 -4.83083 -4.34882 -3.80437 -1.30246 -1.44597 -1.74804 -0.557012 
-47.0218 -17.1871 -2.2604 -5.03944 -1.74482 -6.41351 -3.49502 -3.79734 -2.31136 -3.61238 -1.56863 -1.466 1.13017 
-40.9632 -15.5682 -0.572244 -4.47781 -3.10423 -5.57564 -2.75708 -4.19947 -3.13792 -1.85938 -1.37133 -0.855088 0.287692 
-36.3648 -13.0075 1.30198 -4.83564 -2.44962 -2.05141 -3.32634 -3.89732 -2.48866 -2.72375 -0.6145 -1.08824 -0.20114 
-39.803 -15.3964 -1.42416 -6.53877 -3.0219 -4.44973 -2.41595 -2.52296 -3.26889 -2.26842 -1.16821 -1.00535 0.0973135 
-50.135 -16.2358 -1.30621 -7.42354 -5.16151 -6.11395 -1.43643 -4.90625 -1.92698 -3.22227 -0.0865566 -1.19071 -0.162168 
-39.4982 -14.7818 -0.107717 -6.07065 -3.5585 -4.72703 -5.45654 -5.12443 -1.6355 -1.33792 -1.61541 -1.8681 -0.968191 
-48.4694 -14.078 0.183021 -7.5652 -1.87863 -4.83195 -4.13724 -5.54703 -3.08273 -4.21857 -1.58468 -1.83127 0.229841 
-44.7702 -13.3133 -1.52651 -8.04108 -2.78218 -4.81153 -0.652656 -2.16037 -1.54192 -2.31085 0.448224 -1.37137 0.0578786 
-54.6822 -23.4679 -4.46216 -11.2132 -7.51962 -7.78872 -5.06758 -5.03732 -5.94433 -4.39756 -1.89233 -2.88658 -0.773713 
-51.7615 -17.5934 -1.97092 -11.7057 -7.93764 -5.53409 -2.69381 -6.69936 -2.93049 -3.07081 -2.18959 -1.96133 -0.192504 
-57.144 -18.2881 -1.42122 -10.405 -5.45859 -6.09129 -3.52259 -6.46526 -2.38836 -3.71734 -1.62068 -1.93401 -0.172601 
-44.0167 -12.8831 -1.80208 -9.38461 -3.82891 -4.11827 -3.20605 -5.39651 -1.04255 -3.6312 -1.24111 -1.58158 -0.143126 
-79.594 -16.8551 -0.74338 -9.53953 -1.25694 -11.9837 -1.49821 -7.8648 -0.94565 -5.36855 -1.33921 -2.46121 -0.400291 
-113.434 -22.5156 -2.17315 -16.9863 -1.99852 -14.6534 -1.71389 -11.7854 -1.37933 -8.30309 -0.822291 -4.18521 -0.119716 
-180.115 -32.6994 -2.17315 -26.5783 -1.99852 -23.0962 -1.71389 -18.5882 -1.37933 -13.0705 -0.822291 -6.64026 -0.119716 
-246.796 -42.8833 -2.17315 -36.1703 -1.99852 -31.5389 -1.71389 -25.3909 -1.37933 -17.838 -0.822291 -9.09532 -0.119716 
-313.477 -53.0672 -2.17315 -45.7624 -1.99852 -39.9816 -1.71389 -32.1937 -1.37933 -22.6054 -0.822291 -11.5504 -0.119716 
-380.159 -63.251 -2.17315 -55.3544 -1.99852 -48.4243 -1.71389 -38.9964 -1.37933 -27.3728 -0.822291 -14.0054 -0.119716 
-446.84 -73.4349 -2.17315 -64.9464 -1.99852 -56.867 -1.71389 -45.7992 -1.37933 -32.1403 -0.822291 -16.4605 -0.119716 
-513.521 -83.6188 -2.17315 -74.5384 -1.99852 -65.3097 -1.71389 -52.6019 -1.37933 -36.9077 -0.822291 -18.9156 -0.119716 
-580.203 -93.8026 -2.17315 -84.1304 -1.99852 -73.7524 -1.71389 -59.4047 -1.37933 -41.6751 -0.822291 -21.3706 -0.119716 
-646.884 -103.986 -2.17315 -93.7224 -1.99852 -82.1951 -1.71389 -66.2074 -1.37933 -46.4426 -0.822291 -23.8257 -0.119716 
-713.565 -114.17 -2.17315 -103.314 -1.99852 -90.6378 -1.71389 -73.0102 -1.37933 -51.21 -0.822291 -26.2807 -0.119716 
-780.246 -124.354 -2.17315 -112.906 -1.99852 -99.0806 -1.71389 -79.8129 -1.37933 -55.9775 -0.822291 -28.7358 -0.119716 
-846.928 -134.538 -2.17315 -122.498 -1.99852 -107.523 -1.71389 -86.6156 -1.37933 -60.7449 -0.822291 -31.1908 -0.119716 
-913.609 -144.722 -2.17315 -132.09 -1.99852 -115.966 -1.71389 -93.4184 -1.37933 -65.5123 -0.822291 -33.6459 -0.119716 
-980.29 -154.906 -2.17315 -141.682 -1.99852 -124.409 -1.71389 -100.221 -1.37933 -70.2798 -0.822291 -36.101 -0.119716 
-1046.97 -165.09 -2.17315 -151.274 -1.99852 -132.851 -1.71389 -107.024 -1.37933 -75.0472 -0.822291 -38.556 -0.119716 
-1113.65 -175.274 -2.17315 -160.867 -1.99852 -141.294 -1.71389 -113.827 -1.37933 -79.8146 -0.822291 -41.0111 -0.119716 
-1180.33 -185.457 -2.17315 -170.459 -1.99852 -149.737 -1.71389 -120.629 -1.37933 -84.5821 -0.822291 -43.4661 -0.119716 
-1247.02 -195.641 -2.17315 -180.051 -1.99852 -158.18 -1.71389 -127.432 -1.37933 -89.3495 -0.822291 -45.9212 -0.119716 
-1313.7 -205.825 -2.17315 -189.643 -1.99852 -166.622 -1.71389 -134.235 -1.37933 -94.1169 -0.822291 -48.3762 -0.119716 
-1380.38 -216.009 -2.17315 -199.235 -1.99852 -175.065 -1.71389 -141.038 -1.37933 -98.8844 -0.822291 -50.8313 -0.119716 
-1447.06 -226.193 -2.17315 -208.827 -1.99852 -183.508 -1.71389 -147.84 -1.37933 -103.652 -0.822291 -53.2864 -0.119716 
-1513.74 -236.377 -2.17315 -218.419 -1.99852 -191.95 -1.71389 -154.643 -1.37933 -108.419 -0.822291 -55.7414 -0.119716 
-1580.42 -246.561 -2.17315 -228.011 -1.99852 -200.393 -1.71389 -161.446 -1.37933 -113.187 -0.822291 -58.1965 -0.119716 
-52.0762 -18.0119 -4.71369 -8.28134 -2.84103 -6.21588 -3.54174 -5.91976 -1.91031 -4.3712 -0.772925 -1.88459 -0.0538219 
-32.2092 -12.5796 -2.4813 -5.22655 -2.40879 -1.92102 -2.65336 -3.58869 -0.723315 -3.17724 -0.327216 -1.52064 -0.135172 
-24.1877 -10.8611 -2.36348 -4.77639 -4.65793 -4.66985 -4.77164 -3.47684 -0.819843 -2.55417 -1.1075 -1.50375 -0.00349962 
-25.8184 -6.95012 0.388436 -6.08418 -3.64979 -3.25223 -2.32922 -4.07469 -1.85753 -0.991216 -0.732163 -1.67085 -0.0437404 
-23.1978 -10.42 -1.55558 -4.90823 -4.15047 -3.66634 -3.39323 -2.11739 -0.786326 -1.9548 -1.45583 -0.284339 -0.365498 
-30.6634 -10.3854 -1.59097 -7.05398 -4.31329 -4.15721 -2.6586 -3.16939 -2.01755 -2.36307 0.0974491 -1.38877 -0.51076 
-36.655 -12.3711 -1.76956 -4.36348 -2.97208 -4.99787 -0.870604 -3.10562 -0.636702 -1.71912 0.426588 -1.06103 -0.388952 
-30.1413 -7.87996 2.29211 -3.5217 -3.99474 -2.6052 -2.42526 -4.852 -0.862152 -3.89552 0.910692 -0.754023 -0.856009 
-38.1464 -10.4283 -1.26766 -5.26686 -3.22664 -7.39791 -2.37718 -4.51803 -0.857923 -3.05756 -1.89614 -1.23899 0.178665 
-14.4197 2.88943 2.94809 -1.15349 0.30765 -2.31236 1.08429 -3.06266 0.421796 -1.55059 0.225891 -0.158274 0.34107 
-10.6452 7.19272 7.65964 0.407486 1.08878 -0.201991 0.332814 -3.69091 1.17904 0.0654576 1.57293 -1.10958 0.972555 
-12.7773 5.7106 6.82045 -1.98274 -0.620482 -0.664915 -1.17485 -4.47763 1.42297 -0.0947403 0.564224 -1.3036 1.0737 
-3.06843 5.05454 4.33086 0.776957 0.278295 -0.0686414 0.921498 -0.982943 0.494879 -1.37348 1.29283 0.0869193 0.595973 
1.12566 6.98381 5.45606 0.841414 -0.844598 -0.0602223 0.777174 -1.39523 0.124313 -0.558847 1.91865 -0.16556 0.00276316 
-7.88421 2.31975 2.7398 -0.191682 -1.24214 -2.3171 -1.59046 -2.82246 0.980214 -0.930402 1.536 -2.04906 -0.887273 
-4.16312 6.98135 4.4678 -1.14939 -0.0465516 0.0923396 0.294986 -1.76702 2.24683 -0.451794 1.43336 -1.36571 0.0214627 
-0.250107 6.74312 4.65514 -2.09342 -0.626969 0.689475 0.461861 -0.886292 -0.57722 -0.0560447 1.27054 -1.24218 0.704688 
-9.09903 3.62903 1.15568 -5.87484 -0.87317 -0.114341 0.503883 -0.872694 0.135325 -0.397998 2.4586 -0.518348 0.0198598 
-6.31641 4.70556 4.21033 -3.51958 -2.18438 0.358069 -0.323176 -2.73325 0.421475 -0.510162 1.13085 -0.755412 0.419686 
1.79146 6.46236 3.97459 0.637807 -2.47309 -1.62481 1.72912 -1.82323 1.12439 0.244451 0.0339001 -0.145171 0.283951 
-1.59076 5.11292 3.40303 -1.18255 -3.40365 -0.828969 2.85143 -1.87864 -0.584041 -0.124106 1.5236 -0.662694 -0.100684 
-6.08897 2.34426 0.900016 -3.65713 -2.61422 1.20535 2.85114 -2.2466 -0.619811 -0.941015 1.18172 -1.15377 -0.159087 
-2.75782 5.41159 1.44096 -1.97374 -1.72051 -2.10608 0.871636 -2.93662 0.110362 -0.362738 0.763277 -0.813034 0.00314338 
1.71148 6.87736 3.49104 0.0957125 -2.70556 0.0472817 2.50388 -3.70264 0.140817 -0.128698 1.68812 -0.228988 -0.139112 
-8.13099 2.91533 0.282561 -6.45568 -5.53264 -2.35298 0.209755 -5.47626 -2.26323 -1.00426 0.75731 -1.40631 0.306351 
-4.3669 4.84997 3.158 -3.05138 -3.0256 0.125342 1.06145 -3.77772 -0.154783 -0.18212 1.42021 -0.320124 -0.129527 
1.69981 5.71432 2.74759 -0.82609 -3.62552 -0.341866 1.56994 -3.18973 0.347394 -0.905713 1.04781 -0.336665 -0.408112 
-4.06091 5.24408 1.46185 -3.69934 -4.85243 -1.93297 2.43023 -3.25612 -0.416788 -1.41411 1.60885 -0.767022 -0.737852 
-4.73331 5.30053 1.27861 -3.99082 -3.15302 -1.10353 1.34914 -3.46157 0.256752 -1.07621 1.0527 -0.912019 -0.0296329 
-2.13808 5.63763 3.98513 0.253029 -1.95672 -0.80946 1.89441 -2.49276 -0.301003 -0.293928 2.11913 -1.10288 0.392024 
-4.34185 4.85915 2.75052 -3.00578 -2.91163 -1.10283 0.860088 -2.40686 0.0369517 -0.419204 1.80529 -0.571159 -0.401366 
-9.14513 4.09953 2.9466 -5.68256 -2.76583 0.063654 0.620589 -2.91628 0.622436 0.716496 1.3954 -0.184905 0.0937975 
-9.37129 4.6953 2.5495 -3.39579 -1.06006 -2.09779 0.263755 -1.9957 0.586053 -1.31248 1.35207 0.0895833 -0.110456 
0.168108 7.03826 3.91903 -0.671379 -2.59262 -1.26171 2.97927 -1.41797 -0.649315 -0.375568 1.55058 -0.79669 0.0894114 
-7.29949 7.19508 1.89497 -4.8765 -3.46027 -2.25414 2.12167 -3.27688 0.401272 -1.92167 1.15294 -1.15954 0.275821 
-8.29164 7.84284 2.79537 -4.30541 -1.94412 -2.32719 2.2797 -2.79215 -0.428271 -1.13529 1.83421 -1.73637 0.744263 
-4.58993 6.38091 3.70514 -1.91873 -0.793978 -1.19548 0.630538 -1.85933 -0.241164 -1.1744 1.49914 -1.09064 0.42057 
-7.97983 5.65854 3.51707 -4.23459 -3.86395 -1.43287 1.97256 -3.52263 0.533612 -0.0962266 0.696593 -0.186596 0.191741 
-11.4718 5.6804 2.09272 -5.68405 -3.22176 -2.34518 0.823486 -3.57858 1.02437 -1.36376 1.69479 -0.571849 0.0666701 
-11.3002 3.71027 3.34998 -2.03062 -3.70225 -3.08183 1.95409 -3.29581 -0.0456008 -1.63323 0.86475 -0.983197 0.00551383 
-4.65608 5.446 4.47328 0.544534 -3.72189 -2.44308 3.8981 -1.91239 0.148778 -0.469394 1.15605 -1.09217 0.209587 
-9.7655 6.0129 3.85606 -3.34066 -3.77467 -2.96019 2.70646 -3.35029 0.0711266 -0.638579 0.203173 -0.8506 0.249864 
-10.4635 5.69819 5.12382 -2.14902 -3.37386 -3.06651 2.50644 -2.66724 -0.459808 -0.54189 1.14463 -1.3156 0.0967183 
-10.0929 1.80712 1.18492 -0.65413 -1.87493 -2.57009 3.55574 -2.73416 -0.721714 -0.893427 -0.0615391 -0.814911 -0.246515 
-9.14199 3.51783 4.33934 0.762467 -2.23216 -0.995242 4.72023 -2.85294 -0.407363 -0.165844 0.984107 -0.335181 0.169425 
-10.6389 5.68733 3.02463 -4.03408 -3.76404 -3.16031 2.60796 -3.01201 0.777285 -1.02026 0.513071 0.0505185 -0.384325 
-12.3726 4.90431 5.57052 -1.97251 -4.03166 -2.60563 3.46272 -1.98729 0.335507 -1.60966 0.837004 -0.626083 -0.561054 
-10.672 5.74383 4.27382 -2.86969 -3.57181 -3.45641 2.74206 -2.82832 0.0262191 -0.640317 0.226621 -0.689476 0.310632 
-13.4693 4.82371 4.03009 -2.21161 -1.93231 -2.60455 3.30616 -2.03893 0.936037 -0.684164 0.512422 -0.723246 0.651585 
-14.7206 3.51214 2.64485 -3.9095 -5.43085 -6.01914 2.44362 -3.38532 -0.224147 -1.09181 -0.695544 -0.724205 0.811726 
-19.3189 2.47866 5.96278 -2.55773 -2.07439 -2.46628 1.87435 -2.25797 -0.918432 -1.58979 0.613364 -1.77258 -0.108179 
-10.1996 5.85078 5.25324 -2.85933 -5.6237 -2.89514 4.62643 -3.12603 -1.39585 -0.905266 1.20916 -0.914687 -0.668736 
-16.1732 6.74574 6.51424 -5.41869 -2.688 -1.84422 1.88363 -1.9313 0.792229 -1.50994 0.949781 -0.39685 -0.16681 
-16.1589 4.88342 5.25583 -3.76587 -5.74355 -4.42668 2.40272 -4.15365 -0.527471 -2.35307 0.516699 -0.794287 0.211803 
-15.8265 3.93802 3.20819 -1.76668 -1.29333 -2.25236 5.32264 -3.0153 0.0757211 -0.703885 -0.292588 -0.638244 -0.459959 
-15.8701 3.6597 4.27187 -4.1878 -5.13579 -2.55466 1.83475 -4.88451 0.419866 -1.43572 -0.159303 -1.42185 1.22687 
-21.7045 0.740104 5.12691 -1.34355 -2.01422 -2.55534 3.36997 -2.66856 0.895207 -0.498739 -0.610686 -1.02406 -0.22896 
-21.9688 2.04784 4.45089 -3.51466 -5.75716 -7.6077 1.33994 -4.63728 -0.96971 -1.63452 -0.467949 -0.959731 -0.865723 
-20.5634 4.59649 5.34924 -5.39898 -2.42591 -3.91339 0.604586 -3.17927 -0.284882 -1.8588 0.142999 -0.689404 0.428605 
-16.283 5.52354 7.15135 -1.30053 -4.25466 -5.59559 3.05588 -2.17668 0.389536 -1.50915 -0.474217 -0.231986 0.719153 
-23.4034 0.91563 4.11293 -5.52878 -4.80717 -5.09287 -0.229803 -3.72924 -0.0607503 -1.9034 0.390354 -1.23601 -0.599437 
-17.3732 4.96515 3.00736 -3.04289 -3.40248 -4.46153 3.5135 -3.87067 0.924163 -2.16405 0.936601 -0.629167 -0.154335 
-25.9197 -0.100204 1.78001 -5.26686 -2.11162 -4.93152 3.16011 -3.83607 -2.95753 -1.28781 -0.0244036 -0.893197 -0.116007 
-21.5919 2.65098 4.78149 -6.55493 -5.59344 -4.45807 1.14202 -3.16594 -0.21536 -2.27941 -0.286039 -0.663035 -0.0707876 
-21.4186 2.83073 4.08872 -4.19626 -2.46098 -5.10273 -0.075868 -3.87764 0.196642 -1.89289 -0.0985978 -0.621612 -0.117901 
-20.8924 -1.32545 1.5443 -5.03392 -3.63009 -5.11779 -0.0660921 -2.76565 -1.59292 -1.96388 -0.101798 -0.770704 -0.116216 
-24.6065 -1.38895 1.45211 -7.01227 -5.69262 -5.01128 0.798618 -3.34225 -0.0320013 -2.2081 -0.178768 -0.57648 -0.185408 
-22.9606 0.00231314 4.07827 -3.5378 -0.804344 -3.78243 -0.129887 -0.786602 0.0945761 -2.51617 -0.160182 -0.965575 -0.0620458 
-24.4727 4.73992 8.56799 -3.66276 -2.7094 -5.57495 1.8637 -1.94384 -1.06539 -0.788177 0.98439 -1.23322 -0.666714 
-28.209 -2.79085 0.608761 -5.31068 -1.35607 -3.60201 1.01426 -3.08101 -0.725683 -3.85358 -1.16685 -0.997524 0.0652289 
-26.0812 -0.872476 4.02504 -3.87756 -1.94979 -1.07979 1.79664 -3.04902 1.10049 -2.41358 -0.29054 -1.36359 1.17686 
-27.3452 -1.08844 2.79261 -4.38752 -1.81138 -5.89408 0.93449 -1.31022 -0.220659 -2.07448 -0.431522 -0.755592 0.801095 
-27.8728 -3.44108 0.109726 -7.0509 -3.32483 -6.43341 -3.50803 -3.38247 -0.811701 -4.03031 -0.0929383 -1.77644 0.40915 
-28.4159 -2.40545 3.56586 -4.6026 -2.79314 -6.1072 -3.19821 -4.25258 0.0790965 -2.11813 -0.998701 -1.47959 0.382063 
-25.8963 0.544047 7.3074 -1.47655 -2.83638 -5.03608 -0.148723 -3.23393 0.502888 -1.39955 0.704896 -1.13208 -0.918423 
-28.2123 -1.21406 3.26704 -3.84454 -1.71312 -3.3228 3.12051 -2.69593 -0.338267 -1.5118 -0.00620276 -1.24172 -0.103207 
-28.6809 -4.67856 0.394588 -4.34863 -2.04736 -5.70759 -0.160849 -2.83275 -0.558882 -2.85341 -1.26747 -0.477943 -0.573414 
-28.2847 -4.26217 -0.811497 -5.64208 -2.28498 -6.46555 -0.94259 -2.79073 -1.20804 -3.49708 -0.91717 -1.29636 0.472673 
-31.2301 -3.99846 -2.00443 -4.96598 -1.43879 -6.98049 0.363438 -3.62023 0.101205 -3.43917 -0.495342 -1.22621 0.261625 
-38.891 -6.1971 -2.29119 -6.1877 -1.42762 -7.46767 -0.156942 -4.62496 -0.519793 -4.16555 -0.398458 -1.51442 0.330155 
-31.4523 -7.1972 -2.24206 -9.03754 -6.85628 -9.90507 -4.55708 -3.64672 -2.88097 -5.48445 -0.668433 -2.21984 0.113681 
-29.4132 -4.20755 0.702365 -5.03474 -1.25413 -7.71998 -4.91233 -3.93185 0.456903 -2.75445 -1.73881 -0.773934 -1.17266 
-29.3375 -5.16733 -0.943918 -4.13604 -1.13708 -6.45639 -1.57391 -2.78817 -0.0920872 -3.13911 -0.50243 -1.5282 0.139107 
-58.4346 -9.59657 -1.08702 -8.93226 -1.40918 -10.3472 -1.35533 -5.60893 -0.481311 -5.42904 -1.03486 -2.09489 0.311988 
-35.1272 -4.46653 -0.988893 -8.05878 0.533443 -4.66606 -1.69161 -3.05746 -0.756082 -3.12563 0.134944 -1.6356 0.154904 
-44.0335 -5.83273 -0.652347 -8.61372 0.259855 -5.73191 -0.993331 -4.28098 -0.529912 -3.41639 0.12777 -1.69018 0.222713 
-106.44 -21.4475 -2.17315 -15.9803 -1.99852 -13.768 -1.71389 -11.072 -1.37933 -7.80309 -0.822291 -3.92773 -0.119716 
-173.122 -31.6314 -2.17315 -25.5724 -1.99852 -22.2107 -1.71389 -17.8747 -1.37933 -12.5705 -0.822291 -6.38278 -0.119716 
-239.803 -41.8153 -2.17315 -35.1644 -1.99852 -30.6534 -1.71389 -24.6775 -1.37933 -17.338 -0.822291 -8.83784 -0.119716 
-306.484 -51.9991 -2.17315 -44.7564 -1.99852 -39.0961 -1.71389 -31.4802 -1.37933 -22.1054 -0.822291 -11.2929 -0.119716 
-373.165 -62.183 -2.17315 -54.3484 -1.99852 -47.5388 -1.71389 -38.283 -1.37933 -26.8728 -0.822291 -13.748 -0.119716 
-439.847 -72.3668 -2.17315 -63.9404 -1.99852 -55.9816 -1.71389 -45.0857 -1.37933 -31.6403 -0.822291 -16.203 -0.119716 
-506.528 -82.5507 -2.17315 -73.5324 -1.99852 -64.4243 -1.71389 -51.8885 -1.37933 -36.4077 -0.822291 -18.6581 -0.119716 
-573.209 -92.7346 -2.17315 -83.1244 -1.99852 -72.867 -1.71389 -58.6912 -1.37933 -41.1751 -0.822291 -21.1131 -0.119716 
-639.891 -102.918 -2.17315 -92.7164 -1.99852 -81.3097 -1.71389 -65.4939 -1.37933 -45.9426 -0.822291 -23.5682 -0.119716 
-706.572 -113.102 -2.17315 -102.308 -1.99852 -89.7524 -1.71389 -72.2967 -1.37933 -50.71 -0.822291 -26.0232 -0.119716 
-773.253 -123.286 -2.17315 -111.9 -1.99852 -98.1951 -1.71389 -79.0994 -1.37933 -55.4775 -0.822291 -28.4783 -0.119716 
-839.934 -133.47 -2.17315 -121.492 -1.99852 -106.638 -1.71389 -85.9022 -1.37933 -60.2449 -0.822291 -30.9334 -0.119716 
-906.616 -143.654 -2.17315 -131.084 -1.99852 -115.081 -1.71389 -92.7049 -1.37933 -65.0123 -0.822291 -33.3884 -0.119716 
-973.297 -153.838 -2.17315 -140.677 -1.99852 -123.523 -1.71389 -99.5077 -1.37933 -69.7798 -0.822291 -35.8435 -0.119716 
-1039.98 -164.022 -2.17315 -150.269 -1.99852 -131.966 -1.71389 -106.31 -1.37933 -74.5472 -0.822291 -38.2985 -0.119716 
-1106.66 -174.205 -2.17315 -159.861 -1.99852 -140.409 -1.71389 -113.113 -1.37933 -79.3146 -0.822291 -40.7536 -0.119716 
-1173.34 -184.389 -2.17315 -169.453 -1.99852 -148.851 -1.71389 -119.916 -1.37933 -84.0821 -0.822291 -43.2086 -0.119716 
-1240.02 -194.573 -2.17315 -179.045 -1.99852 -157.294 -1.71389 -126.719 -1.37933 -88.8495 -0.822291 -45.6637 -0.119716 
-1306.7 -204.757 -2.17315 -188.637 -1.99852 -165.737 -1.71389 -133.521 -1.37933 -93.6169 -0.822291 -48.1188 -0.119716 
-1373.38 -214.941 -2.17315 -198.229 -1.99852 -174.18 -1.71389 -140.324 -1.37933 -98.3844 -0.822291 -50.5738 -0.119716 
-1440.07 -225.125 -2.17315 -207.821 -1.99852 -182.622 -1.71389 -147.127 -1.37933 -103.152 -0.822291 -53.0289 -0.119716 
-1506.75 -235.309 -2.17315 -217.413 -1.99852 -191.065 -1.71389 -153.93 -1.37933 -107.919 -0.822291 -55.4839 -0.119716 
-1573.43 -245.492 -2.17315 -227.005 -1.99852 -199.508 -1.71389 -160.732 -1.37933 -112.687 -0.822291 -57.939 -0.119716 
-1640.11 -255.676 -2.17315 -236.597 -1.99852 -207.95 -1.71389 -167.535 -1.37933 -117.454 -0.822291 -60.3941 -0.119716 
-1706.79 -265.86 -2.17315 -246.189 -1.99852 -216.393 -1.71389 -174.338 -1.37933 -122.222 -0.822291 -62.8491 -0.119716 
-1773.47 -276.044 -2.17315 -255.781 -1.99852 -224.836 -1.71389 -181.141 -1.37933 -126.989 -0.822291 -65.3042 -0.119716 
-1840.15 -286.228 -2.17315 -265.373 -1.99852 -233.278 -1.71389 -187.943 -1.37933 -131.756 -0.822291 -67.7592 -0.119716 
-1906.83 -296.412 -2.17315 -274.965 -1.99852 -241.721 -1.71389 -194.746 -1.37933 -136.524 -0.822291 -70.2143 -0.119716 
-1973.52 -306.596 -2.17315 -284.557 -1.99852 -250.164 -1.71389 -201.549 -1.37933 -141.291 -0.822291 -72.6693 -0.119716 
-2040.2 -316.78 -2.17315 -294.149 -1.99852 -258.607 -1.71389 -208.352 -1.37933 -146.059 -0.822291 -75.1244 -0.119716 
-2106.88 -326.963 -2.17315 -303.741 -1.99852 -267.049 -1.71389 -215.154 -1.37933 -150.826 -0.822291 -77.5795 -0.119716 
-2173.56 -337.147 -2.17315 -313.333 -1.99852 -275.492 -1.71389 -221.957 -1.37933 -155.594 -0.822291 -80.0345 -0.119716 
-2240.24 -347.331 -2.17315 -322.925 -1.99852 -283.935 -1.71389 -228.76 -1.37933 -160.361 -0.822291 -82.4896 -0.119716 
-2306.92 -357.515 -2.17315 -332.517 -1.99852 -292.377 -1.71389 -235.563 -1.37933 -165.128 -0.822291 -84.9446 -0.119716 
-2373.6 -367.699 -2.17315 -342.109 -1.99852 -300.82 -1.71389 -242.365 -1.37933 -169.896 -0.822291 -87.3997 -0.119716 
-2440.29 -377.883 -2.17315 -351.701 -1.99852 -309.263 -1.71389 -249.168 -1.37933 -174.663 -0.822291 -89.8547 -0.119716 
-2506.97 -388.067 -2.17315 -361.293 -1.99852 -317.706 -1.71389 -255.971 -1.37933 -179.431 -0.822291 -92.3098 -0.119716 
-2573.65 -398.25 -2.17315 -370.885 -1.99852 -326.148 -1.71389 -262.774 -1.37933 -184.198 -0.822291 -94.7649 -0.119716 
-2640.33 -408.434 -2.17315 -380.477 -1.99852 -334.591 -1.71389 -269.576 -1.37933 -188.966 -0.822291 -97.2199 -0.119716 
-2707.01 -418.618 -2.17315 -390.069 -1.99852 -343.034 -1.71389 -276.379 -1.37933 -193.733 -0.822291 -99.675 -0.119716 
-2773.69 -428.802 -2.17315 -399.661 -1.99852 -351.476 -1.71389 -283.182 -1.37933 -198.501 -0.822291 -102.13 -0.119716 
-2840.37 -438.986 -2.17315 -409.253 -1.99852 -359.919 -1.71389 -289.985 -1.37933 -203.268 -0.822291 -104.585 -0.119716 
-2907.05 -449.17 -2.17315 -418.845 -1.99852 -368.362 -1.71389 -296.787 -1.37933 -208.035 -0.822291 -107.04 -0.119716 
-2973.74 -459.354 -2.17315 -428.437 -1.99852 -376.805 -1.71389 -303.59 -1.37933 -212.803 -0.822291 -109.495 -0.119716 
-3040.42 -469.537 -2.17315 -438.029 -1.99852 -385.247 -1.71389 -310.393 -1.37933 -217.57 -0.822291 -111.95 -0.119716 
-3107.1 -479.721 -2.17315 -447.621 -1.99852 -393.69 -1.71389 -317.196 -1.37933 -222.338 -0.822291 -114.405 -0.119716 
-3173.78 -489.905 -2.17315 -457.213 -1.99852 -402.133 -1.71389 -323.998 -1.37933 -227.105 -0.822291 -116.86 -0.119716 
-3240.46 -500.089 -2.17315 -466.805 -1.99852 -410.575 -1.71389 -330.801 -1.37933 -231.873 -0.822291 -119.315 -0.119716 
-3307.14 -510.273 -2.17315 -476.397 -1.99852 -419.018 -1.71389 -337.604 -1.37933 -236.64 -0.822291 -121.77 -0.119716 
-3373.82 -520.457 -2.17315 -485.989 -1.99852 -427.461 -1.71389 -344.407 -1.37933 -241.407 -0.822291 -124.226 -0.119716 
-3440.5 -530.641 -2.17315 -495.581 -1.99852 -435.904 -1.71389 -351.209 -1.37933 -246.175 -0.822291 -126.681 -0.119716 
-3507.19 -540.824 -2.17315 -505.173 -1.99852 -444.346 -1.71389 -358.012 -1.37933 -250.942 -0.822291 -129.136 -0.119716 
-3573.87 -551.008 -2.17315 -514.765 -1.99852 -452.789 -1.71389 -364.815 -1.37933 -255.71 -0.822291 -131.591 -0.119716 
-3640.55 -561.192 -2.17315 -524.357 -1.99852 -461.232 -1.71389 -371.618 -1.37933 -260.477 -0.822291 -134.046 -0.119716 
-3707.23 -571.376 -2.17315 -533.949 -1.99852 -469.674 -1.71389 -378.42 -1.37933 -265.245 -0.822291 -136.501 -0.119716 
-80.6808 -17.8231 -2.09821 -11.9157 -1.59327 -10.7958 -2.07906 -8.27581 -1.77927 -5.95577 -0.874923 -2.93773 -0.102888 
-56.6102 -13.9412 -2.16024 -8.51446 -1.53728 -7.03173 -1.91002 -6.03059 -1.20143 -4.42769 -0.676167 -2.03661 -0.133238 
-85.0631 -18.2623 -2.06836 -12.7499 -1.8914 -11.099 -1.77743 -8.80272 -1.35591 -6.10591 -0.788524 -3.14386 -0.142064 
-132.227 -25.3858 -2.17315 -19.6897 -1.99852 -17.0329 -1.71389 -13.7027 -1.37933 -9.64674 -0.822291 -4.87714 -0.119716 
-198.908 -35.5697 -2.17315 -29.2817 -1.99852 -25.4756 -1.71389 -20.5054 -1.37933 -14.4142 -0.822291 -7.3322 -0.119716 
-265.59 -45.7535 -2.17315 -38.8738 -1.99852 -33.9184 -1.71389 -27.3082 -1.37933 -19.1816 -0.822291 -9.78725 -0.119716 
-332.271 -55.9374 -2.17315 -48.4658 -1.99852 -42.3611 -1.71389 -34.1109 -1.37933 -23.949 -0.822291 -12.2423 -0.119716 
-398.952 -66.1212 -2.17315 -58.0578 -1.99852 -50.8038 -1.71389 -40.9137 -1.37933 -28.7165 -0.822291 -14.6974 -0.119716 
-465.633 -76.3051 -2.17315 -67.6498 -1.99852 -59.2465 -1.71389 -47.7164 -1.37933 -33.4839 -0.822291 -17.1524 -0.119716 
-532.315 -86.489 -2.17315 -77.2418 -1.99852 -67.6892 -1.71389 -54.5192 -1.37933 -38.2514 -0.822291 -19.6075 -0.119716 
-60.4969 -14.1049 -2.19503 -9.36895 -1.94624 -8.06555 -1.63392 -6.40798 -1.30516 -4.60774 -0.734167 -2.28132 -0.0724269 
-44.008 -11.5692 -1.59611 -6.54373 -2.2559 -5.85675 -1.40918 -4.72327 -1.23008 -3.42983 -0.655587 -1.66532 -0.0881471 
-72.7452 -16.2182 -2.31733 -11.2215 -2.06751 -9.69434 -1.86344 -7.81512 -1.38203 -5.4802 -0.924762 -2.92287 -0.315801 
-138.861 -26.399 -2.17315 -20.644 -1.99852 -17.8729 -1.71389 -14.3795 -1.37933 -10.121 -0.822291 -5.12139 -0.119716 
-205.542 -36.5828 -2.17315 -30.236 -1.99852 -26.3156 -1.71389 -21.1822 -1.37933 -14.8885 -0.822291 -7.57644 -0.119716 
-272.224 -46.7667 -2.17315 -39.828 -1.99852 -34.7583 -1.71389 -27.985 -1.37933 -19.6559 -0.822291 -10.0315 -0.119716 
-338.905 -56.9506 -2.17315 -49.4201 -1.99852 -43.201 -1.71389 -34.7877 -1.37933 -24.4233 -0.822291 -12.4866 -0.119716 
-405.586 -67.1344 -2.17315 -59.0121 -1.99852 -51.6437 -1.71389 -41.5905 -1.37933 -29.1908 -0.822291 -14.9416 -0.119716 
-472.267 -77.3183 -2.17315 -68.6041 -1.99852 -60.0864 -1.71389 -48.3932 -1.37933 -33.9582 -0.822291 -17.3967 -0.119716 
-538.949 -87.5021 -2.17315 -78.1961 -1.99852 -68.5291 -1.71389 -55.196 -1.37933 -38.7257 -0.822291 -19.8517 -0.119716 
-605.63 -97.686 -2.17315 -87.7881 -1.99852 -76.9719 -1.71389 -61.9987 -1.37933 -43.4931 -0.822291 -22.3068 -0.119716 
-672.311 -107.87 -2.17315 -97.3801 -1.99852 -85.4146 -1.71389 -68.8015 -1.37933 -48.2605 -0.822291 -24.7618 -0.119716 
-738.993 -118.054 -2.17315 -106.972 -1.99852 -93.8573 -1.71389 -75.6042 -1.37933 -53.028 -0.822291 -27.2169 -0.119716 
-805.674 -128.238 -2.17315 -116.564 -1.99852 -102.3 -1.71389 -82.407 -1.37933 -57.7954 -0.822291 -29.672 -0.119716 
-872.355 -138.421 -2.17315 -126.156 -1.99852 -110.743 -1.71389 -89.2097 -1.37933 -62.5628 -0.822291 -32.127 -0.119716 
-939.036 -148.605 -2.17315 -135.748 -1.99852 -119.185 -1.71389 -96.0125 -1.37933 -67.3303 -0.822291 -34.5821 -0.119716 
-1005.72 -158.789 -2.17315 -145.34 -1.99852 -127.628 -1.71389 -102.815 -1.37933 -72.0977 -0.822291 -37.0371 -0.119716 
-1072.4 -168.973 -2.17315 -154.932 -1.99852 -136.071 -1.71389 -109.618 -1.37933 -76.8652 -0.822291 -39.4922 -0.119716 
-1139.08 -179.157 -2.17315 -164.524 -1.99852 -144.514 -1.71389 -116.421 -1.37933 -81.6326 -0.822291 -41.9473 -0.119716 
-1205.76 -189.341 -2.17315 -174.116 -1.99852 -152.956 -1.71389 -123.223 -1.37933 -86.4 -0.822291 -44.4023 -0.119716 
-1272.44 -199.525 -2.17315 -183.708 -1.99852 -161.399 -1.71389 -130.026 -1.37933 -91.1675 -0.822291 -46.8574 -0.119716 
-1339.12 -209.708 -2.17315 -193.3 -1.99852 -169.842 -1.71389 -136.829 -1.37933 -95.9349 -0.822291 -49.3124 -0.119716 
-1405.81 -219.892 -2.17315 -202.892 -1.99852 -178.284 -1.71389 -143.632 -1.37933 -100.702 -0.822291 -51.7675 -0.119716 
-1472.49 -230.076 -2.17315 -212.484 -1.99852 -186.727 -1.71389 -150.434 -1.37933 -105.47 -0.822291 -54.2225 -0.119716 
-1539.17 -240.26 -2.17315 -222.076 -1.99852 -195.17 -1.71389 -157.237 -1.37933 -110.237 -0.822291 -56.6776 -0.119716 
-1605.85 -250.444 -2.17315 -231.668 -1.99852 -203.613 -1.71389 -164.04 -1.37933 -115.005 -0.822291 -59.1327 -0.119716 
-1672.53 -260.628 -2.17315 -241.26 -1.99852 -212.055 -1.71389 -170.843 -1.37933 -119.772 -0.822291 -61.5877 -0.119716 
-1739.21 -270.812 -2.17315 -250.852 -1.99852 -220.498 -1.71389 -177.645 -1.37933 -124.54 -0.822291 -64.0428 -0.119716 
-1805.89 -280.996 -2.17315 -260.444 -1.99852 -228.941 -1.71389 -184.448 -1.37933 -129.307 -0.822291 -66.4978 -0.119716 
-1872.57 -291.179 -2.17315 -270.036 -1.99852 -237.383 -1.71389 -191.251 -1.37933 -134.074 -0.822291 -68.9529 -0.119716 
-1939.26 -301.363 -2.17315 -279.628 -1.99852 -245.826 -1.71389 -198.054 -1.37933 -138.842 -0.822291 -71.4079 -0.119716 
-2005.94 -311.547 -2.17315 -289.22 -1.99852 -254.269 -1.71389 -204.856 -1.37933 -143.609 -0.822291 -73.863 -0.119716 
-2072.62 -321.731 -2.17315 -298.812 -1.99852 -262.711 -1.71389 -211.659 -1.37933 -148.377 -0.822291 -76.3181 -0.119716 
-2139.3 -331.915 -2.17315 -308.404 -1.99852 -271.154 -1.71389 -218.462 -1.37933 -153.144 -0.822291 -78.7731 -0.119716 
-2205.98 -342.099 -2.17315 -317.996 -1.99852 -279.597 -1.71389 -225.265 -1.37933 -157.912 -0.822291 -81.2282 -0.119716 
-2272.66 -352.283 -2.17315 -327.588 -1.99852 -288.04 -1.71389 -232.067 -1.37933 -162.679 -0.822291 -83.6832 -0.119716 
-2339.34 -362.466 -2.17315 -337.18 -1.99852 -296.482 -1.71389 -238.87 -1.37933 -167.446 -0.822291 -86.1383 -0.119716 
-2406.02 -372.65 -2.17315 -346.772 -1.99852 -304.925 -1.71389 -245.673 -1.37933 -172.214 -0.822291 -88.5933 -0.119716 
-2472.71 -382.834 -2.17315 -356.364 -1.99852 -313.368 -1.71389 -252.476 -1.37933 -176.981 -0.822291 -91.0484 -0.119716 
-2539.39 -393.018 -2.17315 -365.956 -1.99852 -321.81 -1.71389 -259.278 -1.37933 -181.749 -0.822291 -93.5035 -0.119716 
-2606.07 -403.202 -2.17315 -375.548 -1.99852 -330.253 -1.71389 -266.081 -1.37933 -186.516 -0.822291 -95.9585 -0.119716 
-2672.75 -413.386 -2.17315 -385.14 -1.99852 -338.696 -1.71389 -272.884 -1.37933 -191.284 -0.822291 -98.4136 -0.119716 
-2739.43 -423.57 -2.17315 -394.733 -1.99852 -347.139 -1.71389 -279.687 -1.37933 -196.051 -0.822291 -100.869 -0.119716 
-2806.11 -433.753 -2.17315 -404.325 -1.99852 -355.581 -1.71389 -286.489 -1.37933 -200.818 -0.822291 -103.324 -0.119716 
-2872.79 -443.937 -2.17315 -413.917 -1.99852 -364.024 -1.71389 -293.292 -1.37933 -205.586 -0.822291 -105.779 -0.119716 
-2939.47 -454.121 -2.17315 -423.509 -1.99852 -372.467 -1.71389 -300.095 -1.37933 -210.353 -0.822291 -108.234 -0.119716 
-3006.16 -464.305 -2.17315 -433.101 -1.99852 -380.909 -1.71389 -306.898 -1.37933 -215.121 -0.822291 -110.689 -0.119716 
-3072.84 -474.489 -2.17315 -442.693 -1.99852 -389.352 -1.71389 -313.7 -1.37933 -219.888 -0.822291 -113.144 -0.119716 
-3139.52 -484.673 -2.17315 -452.285 -1.99852 -397.795 -1.71389 -320.503 -1.37933 -224.656 -0.822291 -115.599 -0.119716 
-3206.2 -494.857 -2.17315 -461.877 -1.99852 -406.238 -1.71389 -327.306 -1.37933 -229.423 -0.822291 -118.054 -0.119716 
-3272.88 -505.04 -2.17315 -471.469 -1.99852 -414.68 -1.71389 -334.109 -1.37933 -234.191 -0.822291 -120.509 -0.119716 
-3339.56 -515.224 -2.17315 -481.061 -1.99852 -423.123 -1.71389 -340.911 -1.37933 -238.958 -0.822291 -122.964 -0.119716 
-3406.24 -525.408 -2.17315 -490.653 -1.99852 -431.566 -1.71389 -347.714 -1.37933 -243.725 -0.822291 -125.419 -0.119716 
-3472.93 -535.592 -2.17315 -500.245 -1.99852 -440.008 -1.71389 -354.517 -1.37933 -248.493 -0.822291 -127.874 -0.119716 
-3539.61 -545.776 -2.17315 -509.837 -1.99852 -448.451 -1.71389 -361.32 -1.37933 -253.26 -0.822291 -130.329 -0.119716 
-3606.29 -555.96 -2.17315 -519.429 -1.99852 -456.894 -1.71389 -368.122 -1.37933 -258.028 -0.822291 -132.784 -0.119716 
-3672.97 -566.144 -2.17315 -529.021 -1.99852 -465.337 -1.71389 -374.925 -1.37933 -262.795 -0.822291 -135.239 -0.119716 
-3739.65 -576.328 -2.17315 -538.613 -1.99852 -473.779 -1.71389 -381.728 -1.37933 -267.563 -0.822291 -137.695 -0.119716 
-3806.33 -586.511 -2.17315 -548.205 -1.99852 -482.222 -1.71389 -388.531 -1.37933 -272.33 -0.822291 -140.15 -0.119716 
-3873.01 -596.695 -2.17315 -557.797 -1.99852 -490.665 -1.71389 -395.333 -1.37933 -277.097 -0.822291 -142.605 -0.119716 
-3939.69 -606.879 -2.17315 -567.389 -1.99852 -499.107 -1.71389 -402.136 -1.37933 -281.865 -0.822291 -145.06 -0.119716 
-4006.38 -617.063 -2.17315 -576.981 -1.99852 -507.55 -1.71389 -408.939 -1.37933 -286.632 -0.822291 -147.515 -0.119716 
-4073.06 -627.247 -2.17315 -586.573 -1.99852 -515.993 -1.71389 -415.742 -1.37933 -291.4 -0.822291 -149.97 -0.119716 
-4139.74 -637.431 -2.17315 -596.165 -1.99852 -524.436 -1.71389 -422.544 -1.37933 -296.167 -0.822291 -152.425 -0.119716 
-4206.42 -647.615 -2.17315 -605.757 -1.99852 -532.878 -1.71389 -429.347 -1.37933 -300.935 -0.822291 -154.88 -0.119716 
-4273.1 -657.798 -2.17315 -615.349 -1.99852 -541.321 -1.71389 -436.15 -1.37933 -305.702 -0.822291 -157.335 -0.119716 
-4339.78 -667.982 -2.17315 -624.941 -1.99852 -549.764 -1.71389 -442.953 -1.37933 -310.47 -0.822291 -159.79 -0.119716 
-4406.46 -678.166 -2.17315 -634.533 -1.99852 -558.206 -1.71389 -449.755 -1.37933 -315.237 -0.822291 -162.245 -0.119716 
-4473.14 -688.35 -2.17315 -644.125 -1.99852 -566.649 -1.71389 -456.558 -1.37933 -320.004 -0.822291 -164.7 -0.119716 
-4539.83 -698.534 -2.17315 -653.717 -1.99852 -575.092 -1.71389 -463.361 -1.37933 -324.772 -0.822291 -167.155 -0.119716 
-4606.51 -708.718 -2.17315 -663.309 -1.99852 -583.535 -1.71389 -470.164 -1.37933 -329.539 -0.822291 -169.61 -0.119716 
-4673.19 -718.902 -2.17315 -672.901 -1.99852 -591.977 -1.71389 -476.966 -1.37933 -334.307 -0.822291 -172.065 -0.119716 
-4739.87 -729.085 -2.17315 -682.493 -1.99852 -600.42 -1.71389 -483.769 -1.37933 -339.074 -0.822291 -174.52 -0.119716 
-4806.55 -739.269 -2.17315 -692.085 -1.99852 -608.863 -1.71389 -490.572 -1.37933 -343.842 -0.822291 -176.975 -0.119716 
-4873.23 -749.453 -2.17315 -701.677 -1.99852 -617.305 -1.71389 -497.375 -1.37933 -348.609 -0.822291 -179.43 -0.119716 
-4939.91 -759.637 -2.17315 -711.269 -1.99852 -625.748 -1.71389 -504.177 -1.37933 -353.376 -0.822291 -181.886 -0.119716 
-5006.59 -769.821 -2.17315 -720.861 -1.99852 -634.191 -1.71389 -510.98 -1.37933 -358.144 -0.822291 -184.341 -0.119716 
-5073.28 -780.005 -2.17315 -730.453 -1.99852 -642.633 -1.71389 -517.783 -1.37933 -362.911 -0.822291 -186.796 -0.119716 
-5139.96 -790.189 -2.17315 -740.045 -1.99852 -651.076 -1.71389 -524.586 -1.37933 -367.679 -0.822291 -189.251 -0.119716 
-5206.64 -800.372 -2.17315 -749.637 -1.99852 -659.519 -1.71389 -531.388 -1.37933 -372.446 -0.822291 -191.706 -0.119716 
-5273.32 -810.556 -2.17315 -759.229 -1.99852 -667.962 -1.71389 -538.191 -1.37933 -377.214 -0.822291 -194.161 -0.119716 
-5340 -820.74 -2.17315 -768.821 -1.99852 -676.404 -1.71389 -544.994 -1.37933 -381.981 -0.822291 -196.616 -0.119716 
-5406.68 -830.924 -2.17315 -778.413 -1.99852 -684.847 -1.71389 -551.797 -1.37933 -386.749 -0.822291 -199.071 -0.119716 
-5473.36 -841.108 -2.17315 -788.005 -1.99852 -693.29 -1.71389 -558.599 -1.37933 -391.516 -0.822291 -201.526 -0.119716 
-5540.04 -851.292 -2.17315 -797.597 -1.99852 -701.732 -1.71389 -565.402 -1.37933 -396.283 -0.822291 -203.981 -0.119716 
-5606.73 -861.476 -2.17315 -807.189 -1.99852 -710.175 -1.71389 -572.205 -1.37933 -401.051 -0.822291 -206.436 -0.119716 
-5673.41 -871.659 -2.17315 -816.781 -1.99852 -718.618 -1.71389 -579.008 -1.37933 -405.818 -0.822291 -208.891 -0.119716 
-5740.09 -881.843 -2.17315 -826.373 -1.99852 -727.061 -1.71389 -585.81 -1.37933 -410.586 -0.822291 -211.346 -0.119716 
-5806.77 -892.027 -2.17315 -835.965 -1.99852 -735.503 -1.71389 -592.613 -1.37933 -415.353 -0.822291 -213.801 -0.119716 
-5873.45 -902.211 -2.17315 -845.557 -1.99852 -743.946 -1.71389 -599.416 -1.37933 -420.121 -0.822291 -216.256 -0.119716 
-5940.13 -912.395 -2.17315 -855.149 -1.99852 -752.389 -1.71389 -606.219 -1.37933 -424.888 -0.822291 -218.711 -0.119716 
-6006.81 -922.579 -2.17315 -864.741 -1.99852 -760.831 -1.71389 -613.021 -1.37933 -429.655 -0.822291 -221.166 -0.119716 
-6073.5 -932.763 -2.17315 -874.333 -1.99852 -769.274 -1.71389 -619.824 -1.37933 -434.423 -0.822291 -223.622 -0.119716 
-6140.18 -942.947 -2.17315 -883.925 -1.99852 -777.717 -1.71389 -626.627 -1.37933 -439.19 -0.822291 -226.077 -0.119716 
-6206.86 -953.13 -2.17315 -893.517 -1.99852 -786.16 -1.71389 -633.43 -1.37933 -443.958 -0.822291 -228.532 -0.119716 
-6273.54 -963.314 -2.17315 -903.109 -1.99852 -794.602 -1.71389 -640.232 -1.37933 -448.725 -0.822291 -230.987 -0.119716 
-6340.22 -973.498 -2.17315 -912.701 -1.99852 -803.045 -1.71389 -647.035 -1.37933 -453.493 -0.822291 -233.442 -0.119716 
-6406.9 -983.682 -2.17315 -922.293 -1.99852 -811.488 -1.71389 -653.838 -1.37933 -458.26 -0.822291 -235.897 -0.119716 
-6473.58 -993.866 -2.17315 -931.885 -1.99852 -819.93 -1.71389 -660.641 -1.37933 -463.028 -0.822291 -238.352 -0.119716 
-6540.26 -1004.05 -2.17315 -941.477 -1.99852 -828.373 -1.71389 -667.443 -1.37933 -467.795 -0.822291 -240.807 -0.119716 
-6606.95 -1014.23 -2.17315 -951.069 -1.99852 -836.816 -1.71389 -674.246 -1.37933 -472.562 -0.822291 -243.262 -0.119716 
-6673.63 -1024.42 -2.17315 -960.661 -1.99852 -845.259 -1.71389 -681.049 -1.37933 -477.33 -0.822291 -245.717 -0.119716 
-6740.31 -1034.6 -2.17315 -970.253 -1.99852 -853.701 -1.71389 -687.852 -1.37933 -482.097 -0.822291 -248.172 -0.119716 
-6806.99 -1044.79 -2.17315 -979.845 -1.99852 -862.144 -1.71389 -694.654 -1.37933 -486.865 -0.822291 -250.627 -0.119716 
-6873.67 -1054.97 -2.17315 -989.437 -1.99852 -870.587 -1.71389 -701.457 -1.37933 -491.632 -0.822291 -253.082 -0.119716 
-6940.35 -1065.15 -2.17315 -999.029 -1.99852 -879.029 -1.71389 -708.26 -1.37933 -496.4 -0.822291 -255.537 -0.119716 
-7007.03 -1075.34 -2.17315 -1008.62 -1.99852 -887.472 -1.71389 -715.063 -1.37933 -501.167 -0.822291 -257.992 -0.119716 
-7073.71 -1085.52 -2.17315 -1018.21 -1.99852 -895.915 -1.71389 -721.865 -1.37933 -505.934 -0.822291 -260.447 -0.119716 
-7140.4 -1095.7 -2.17315 -1027.81 -1.99852 -904.358 -1.71389 -728.668 -1.37933 -510.702 -0.822291 -262.902 -0.119716 
-7207.08 -1105.89 -2.17315 -1037.4 -1.99852 -912.8 -1.71389 -735.471 -1.37933 -515.469 -0.822291 -265.358 -0.119716 
-58.4823 -14.878 -4.6464 -10.3699 -1.6249 -8.92533 -1.96682 -6.48338 -2.13897 -3.98436 -1.3525 -1.816 -0.317449 
-13.2479 -2.68193 -2.70455 -4.29177 1.17237 -1.76574 -0.634906 -0.933749 -1.36873 -1.30754 -0.278368 -0.830078 0.0777723 
-17.3271 1.17488 1.46021 -2.79643 1.13193 -1.68123 1.45379 -1.08209 0.645125 -1.23374 0.750048 -1.49657 0.346918 
-23.3769 -1.41248 4.21174 -0.813857 3.42883 -0.963098 -0.0231104 -2.34279 -0.739459 -0.940048 -0.262932 -0.618048 -0.0038678 
-23.7999 -2.38676 2.81694 -2.72366 -0.0238453 -1.70919 0.179619 -1.68188 0.639517 -2.61403 -0.503238 -1.04994 -0.309529 
-28.0418 -3.22719 3.22088 0.364958 3.24854 -3.46911 -0.72355 -3.31884 -0.514569 -1.37353 0.469273 -0.924712 -0.773274 
-28.8097 -1.13504 2.67248 -2.09184 2.4505 -2.92275 -0.266305 -4.0952 0.896543 -1.42293 -0.00631861 -1.90848 0.089732 
-32.6642 -7.25267 -2.05179 -5.00042 -0.64979 -5.72721 -1.1977 -3.49415 -0.547291 -1.69474 0.223418 -1.57823 -0.35836 
-30.4551 -2.24536 0.68109 -6.35275 -0.333693 -3.89945 0.3475 -3.85552 -0.48901 -2.30156 -1.24012 -1.0015 0.623401 
-38.9771 -10.3669 -3.14878 -7.03806 -2.51623 -6.24011 -2.02819 -4.99832 -1.41631 -3.56285 -0.674683 -1.51519 -0.038084 
-67.2041 -14.2165 -2.45826 -10.2939 -1.79871 -9.26238 -1.3634 -7.4751 -0.98598 -5.12301 -0.371707 -2.58092 -0.18232 
-178.716 -32.4858 -2.17315 -26.3771 -1.99852 -22.919 -1.71389 -18.4454 -1.37933 -12.9705 -0.822291 -6.58876 -0.119716 
-245.397 -42.6697 -2.17315 -35.9691 -1.99852 -31.3618 -1.71389 -25.2482 -1.37933 -17.7379 -0.822291 -9.04382 -0.119716 
-312.079 -52.8535 -2.17315 -45.5611 -1.99852 -39.8045 -1.71389 -32.0509 -1.37933 -22.5054 -0.822291 -11.4989 -0.119716 
-378.76 -63.0374 -2.17315 -55.1531 -1.99852 -48.2472 -1.71389 -38.8537 -1.37933 -27.2728 -0.822291 -13.9539 -0.119716 
-445.441 -73.2213 -2.17315 -64.7452 -1.99852 -56.6899 -1.71389 -45.6564 -1.37933 -32.0403 -0.822291 -16.409 -0.119716 
-512.122 -83.4051 -2.17315 -74.3372 -1.99852 -65.1326 -1.71389 -52.4592 -1.37933 -36.8077 -0.822291 -18.864 -0.119716 
-578.804 -93.589 -2.17315 -83.9292 -1.99852 -73.5753 -1.71389 -59.2619 -1.37933 -41.5751 -0.822291 -21.3191 -0.119716 
-645.485 -103.773 -2.17315 -93.5212 -1.99852 -82.018 -1.71389 -66.0647 -1.37933 -46.3426 -0.822291 -23.7742 -0.119716 
-712.166 -113.957 -2.17315 -103.113 -1.99852 -90.4607 -1.71389 -72.8674 -1.37933 -51.11 -0.822291 -26.2292 -0.119716 
-778.848 -124.141 -2.17315 -112.705 -1.99852 -98.9034 -1.71389 -79.6702 -1.37933 -55.8774 -0.822291 -28.6843 -0.119716 
-845.529 -134.324 -2.17315 -122.297 -1.99852 -107.346 -1.71389 -86.4729 -1.37933 -60.6449 -0.822291 -31.1393 -0.119716 
-912.21 -144.508 -2.17315 -131.889 -1.99852 -115.789 -1.71389 -93.2757 -1.37933 -65.4123 -0.822291 -33.5944 -0.119716 
-978.891 -154.692 -2.17315 -141.481 -1.99852 -124.232 -1.71389 -100.078 -1.37933 -70.1797 -0.822291 -36.0495 -0.119716 
-1045.57 -164.876 -2.17315 -151.073 -1.99852 -132.674 -1.71389 -106.881 -1.37933 -74.9472 -0.822291 -38.5045 -0.119716 
-1112.25 -175.06 -2.17315 -160.665 -1.99852 -141.117 -1.71389 -113.684 -1.37933 -79.7146 -0.822291 -40.9596 -0.119716 
-1178.94 -185.244 -2.17315 -170.257 -1.99852 -149.56 -1.71389 -120.487 -1.37933 -84.4821 -0.822291 -43.4146 -0.119716 
-1245.62 -195.428 -2.17315 -179.849 -1.99852 -158.002 -1.71389 -127.289 -1.37933 -89.2495 -0.822291 -45.8697 -0.119716 
-1312.3 -205.611 -2.17315 -189.441 -1.99852 -166.445 -1.71389 -134.092 -1.37933 -94.0169 -0.822291 -48.3247 -0.119716 
-1378.98 -215.795 -2.17315 -199.033 -1.99852 -174.888 -1.71389 -140.895 -1.37933 -98.7844 -0.822291 -50.7798 -0.119716 
-1445.66 -225.979 -2.17315 -208.625 -1.99852 -183.331 -1.71389 -147.698 -1.37933 -103.552 -0.822291 -53.2349 -0.119716 
-1512.34 -236.163 -2.17315 -218.217 -1.99852 -191.773 -1.71389 -154.5 -1.37933 -108.319 -0.822291 -55.6899 -0.119716 
-1579.02 -246.347 -2.17315 -227.809 -1.99852 -200.216 -1.71389 -161.303 -1.37933 -113.087 -0.822291 -58.145 -0.119716 
-1645.7 -256.531 -2.17315 -237.401 -1.99852 -208.659 -1.71389 -168.106 -1.37933 -117.854 -0.822291 -60.6 -0.119716 
-1712.39 -266.715 -2.17315 -246.993 -1.99852 -217.101 -1.71389 -174.909 -1.37933 -122.622 -0.822291 -63.0551 -0.119716 
-1779.07 -276.898 -2.17315 -256.585 -1.99852 -225.544 -1.71389 -181.711 -1.37933 -127.389 -0.822291 -65.5101 -0.119716 
-1845.75 -287.082 -2.17315 -266.177 -1.99852 -233.987 -1.71389 -188.514 -1.37933 -132.156 -0.822291 -67.9652 -0.119716 
-1912.43 -297.266 -2.17315 -275.769 -1.99852 -242.43 -1.71389 -195.317 -1.37933 -136.924 -0.822291 -70.4203 -0.119716 
-1979.11 -307.45 -2.17315 -285.361 -1.99852 -250.872 -1.71389 -202.12 -1.37933 -141.691 -0.822291 -72.8753 -0.119716 
-2045.79 -317.634 -2.17315 -294.953 -1.99852 -259.315 -1.71389 -208.922 -1.37933 -146.459 -0.822291 -75.3304 -0.119716 
-2112.47 -327.818 -2.17315 -304.545 -1.99852 -267.758 -1.71389 -215.725 -1.37933 -151.226 -0.822291 -77.7854 -0.119716 
-2179.15 -338.002 -2.17315 -314.137 -1.99852 -276.2 -1.71389 -222.528 -1.37933 -155.994 -0.822291 -80.2405 -0.119716 
-2245.84 -348.186 -2.17315 -323.73 -1.99852 -284.643 -1.71389 -229.331 -1.37933 -160.761 -0.822291 -82.6956 -0.119716 
-2312.52 -358.369 -2.17315 -333.322 -1.99852 -293.086 -1.71389 -236.133 -1.37933 -165.528 -0.822291 -85.1506 -0.119716 
-2379.2 -368.553 -2.17315 -342.914 -1.99852 -301.528 -1.71389 -242.936 -1.37933 -170.296 -0.822291 -87.6057 -0.119716 
-2445.88 -378.737 -2.17315 -352.506 -1.99852 -309.971 -1.71389 -249.739 -1.37933 -175.063 -0.822291 -90.0607 -0.119716 
-2512.56 -388.921 -2.17315 -362.098 -1.99852 -318.414 -1.71389 -256.542 -1.37933 -179.831 -0.822291 -92.5158 -0.119716 
-2579.24 -399.105 -2.17315 -371.69 -1.99852 -326.857 -1.71389 -263.344 -1.37933 -184.598 -0.822291 -94.9708 -0.119716 
-2645.92 -409.289 -2.17315 -381.282 -1.99852 -335.299 -1.71389 -270.147 -1.37933 -189.366 -0.822291 -97.4259 -0.119716 
-2712.6 -419.473 -2.17315 -390.874 -1.99852 -343.742 -1.71389 -276.95 -1.37933 -194.133 -0.822291 -99.881 -0.119716 
-2779.29 -429.656 -2.17315 -400.466 -1.99852 -352.185 -1.71389 -283.753 -1.37933 -198.901 -0.822291 -102.336 -0.119716 
-2845.97 -439.84 -2.17315 -410.058 -1.99852 -360.627 -1.71389 -290.555 -1.37933 -203.668 -0.822291 -104.791 -0.119716 
-2912.65 -450.024 -2.17315 -419.65 -1.99852 -369.07 -1.71389 -297.358 -1.37933 -208.435 -0.822291 -107.246 -0.119716 
-32.8997 -3.17795 1.35239 -3.71523 0.994478 -3.18494 1.5701 -3.55797 -0.689242 -2.40121 0.872989 -1.63572 0.385607 