577
13
Yes
Johno
-19.6797 -2.70114 3.45157 -0.590568 0.164953 -1.21626 0.216129 -2.3078 -0.0660837 -0.562348 0.177878 -0.207008 0.658569 
-17.6462 -0.832596 3.04354 -2.34585 -0.497722 -2.72357 -0.842763 0.0649975 0.842782 -1.38607 0.950328 -0.751928 0.67543 
-15.3939 -4.15718 0.0146762 0.519666 0.765961 -2.42012 0.203185 -0.369981 0.739273 -0.667427 0.356352 -0.640889 -0.294763 
-14.4501 -2.76705 0.63456 -0.362769 1.30736 -2.07693 -0.141631 -0.40722 -0.132228 -0.893602 0.267031 -0.493764 -0.506556 
-17.1916 -2.88433 1.58599 0.517353 1.75462 -0.915604 2.05993 -0.0638647 1.3932 -0.42355 -0.844372 -0.868901 -0.927929 
-12.4875 -0.252878 2.81807 -1.06047 0.495749 -2.09549 -0.700441 -0.478649 0.699688 -0.214726 -0.574001 -0.00116599 0.118808 
-15.8867 -4.00296 0.139723 -0.148504 1.14229 -1.82453 0.416819 -0.750828 0.751818 0.0332378 0.0247595 0.361361 0.317278 
-14.6556 -2.01313 0.490813 0.202677 3.24706 -0.759601 1.12321 -0.274455 -0.0216128 -0.563343 0.366164 -0.587796 -0.00598369 
-16.9824 -3.48271 2.10818 -0.524199 2.04885 0.812447 0.0605085 -1.62756 -0.192785 -0.847126 -0.0456652 0.0184771 -0.305293 
-13.2032 -1.11907 4.13651 -0.0233034 -1.64666 -2.08019 -0.687581 -2.00701 0.683295 -0.604121 -0.887327 -0.104517 0.0261386 
-15.3661 -5.41035 -2.07948 0.445561 1.13086 -2.32141 0.365533 -1.64592 -0.03184 -0.422073 0.518616 -0.324415 0.260131 
-19.9207 -4.09734 3.39568 1.56657 2.27497 0.0669475 2.21398 1.29765 1.57037 -1.11517 -0.170215 0.20736 0.0358785 
-18.7227 -3.47171 2.30423 -0.259621 -0.96456 -3.25051 0.423865 0.107575 1.40243 -0.998063 0.0080743 -0.489534 -0.104224 
-13.9202 -2.45895 2.31112 1.40614 0.765022 -2.16902 0.592049 -0.627621 0.638587 -0.2677 -0.945517 -0.614059 -0.255231 
-15.0201 -3.75161 -0.232323 -0.467345 0.0188559 -1.43813 1.39258 0.669872 1.69531 -0.922469 0.133512 -1.09676 0.617564 
-18.3976 -5.46677 -0.000935258 -0.513989 -0.618101 -0.989565 2.19624 -0.391987 0.963781 -0.860721 0.440807 0.046712 0.237626 
-15.5389 -1.03472 3.53355 -1.15078 -1.23026 -2.25144 0.717395 -0.569944 0.0704896 -0.789466 -0.0424444 -0.343821 0.686828 
-16.353 -5.82321 0.449475 1.37679 0.425458 -1.02584 0.464704 -1.45401 0.569278 -0.597531 0.284183 0.0758737 0.248516 
-13.2564 -1.88871 2.11897 1.07492 0.721391 -1.66466 1.32443 -1.02231 0.0909993 -0.290085 0.0695476 0.536987 -0.495757 
-17.7427 -2.89532 2.92599 0.833222 0.00562518 -3.28989 -0.534477 -0.820815 1.39653 -0.914043 -0.602306 -0.523565 -0.42554 
-13.2463 -1.10314 2.77449 -1.01916 -1.17276 -2.97873 0.0471004 0.290825 0.892633 -0.59731 -0.446705 -0.0764582 -0.155397 
-19.6387 -5.55883 -0.00280823 -1.62787 0.342695 -2.37409 -0.9847 -1.34322 0.585683 0.103679 -0.10187 -0.934908 -0.841306 
-13.8797 -2.51288 2.41041 1.89616 -0.150856 -1.17029 1.21027 -1.46448 1.45403 -0.0330653 0.875503 -0.0987722 -0.0346708 
-16.8826 -1.50745 1.95122 -2.11567 0.23801 -2.56255 0.699549 -0.0718691 -0.263798 -0.00731024 0.364922 -0.813487 0.0295127 
-13.1496 -1.41205 2.89775 -0.351789 0.750225 -1.49491 -0.585278 -0.380811 0.743108 0.0289402 -0.107871 0.0422085 -0.321567 
-16.9463 -4.17286 0.36504 0.867541 0.424728 -0.932777 1.64222 -0.837637 1.27437 -1.10272 1.37752 -0.619629 -0.117255 
-14.618 -1.91706 2.27693 0.886124 0.500696 -1.0303 2.05063 -0.343893 1.54475 -0.0926339 0.0152054 -0.0800235 0.20214 
-14.7396 -0.894455 2.29038 0.00653361 0.812303 -2.0286 1.28538 -1.08971 0.165937 -0.369888 -0.288683 0.143164 0.506923 
-16.5321 -4.46521 1.05478 -1.01974 -0.200933 -2.39421 -0.437013 0.0942521 0.514892 -0.606968 -0.304295 -0.0535775 -0.220368 
-13.0561 -1.92496 0.973349 -1.26389 -1.6289 -1.29425 0.659142 -1.16987 1.08602 -0.847627 1.22796 -0.988012 -0.700037 
-15.7264 -2.70498 1.04867 -1.56123 -0.378664 -1.93902 0.518008 -0.619717 0.130029 -0.92973 -0.491065 -1.16491 0.250661 
-16.1795 -1.8087 2.59595 -3.15376 -2.41145 -3.80028 -1.61387 -0.580484 0.460106 -0.883934 -0.363504 -0.606702 -0.272273 
-19.1666 -6.05643 -0.109366 -0.26592 -0.327803 -2.85335 -0.388705 -1.96946 -0.688471 -1.48218 -0.153471 -0.567596 -0.195832 
-13.1235 -0.340616 2.14648 -0.726879 0.0634223 -1.19146 0.643568 -1.90253 0.901307 -0.0545893 -0.161246 -0.905222 -0.14096 
-16.0467 -2.80358 1.56235 -1.45555 -0.883081 -2.85611 -0.407079 -0.713958 0.657402 -0.821722 -0.370118 -0.139157 -0.268885 
-14.8769 -2.96777 1.72095 -1.44598 -0.244424 -2.10627 -0.162718 -0.24775 -0.306753 -0.426876 -0.296844 -0.105921 -0.284998 
-16.7501 -4.66208 -1.70029 -2.15851 0.0641092 -1.90801 -0.530513 -3.07153 0.122715 -0.414587 -1.27781 -1.17159 0.192731 
-17.7918 -3.28159 3.60605 0.309755 -0.841933 -1.1171 0.610807 -0.195118 1.44274 -0.662006 1.02344 -1.1174 -0.758478 
-15.0105 -2.59457 3.55578 0.131429 -0.516792 -1.23052 -0.959908 -1.89553 0.151122 -0.87414 -0.503222 -0.821182 -0.0307562 
-14.8267 -1.85895 3.95992 0.203403 1.24416 -0.0950686 0.118093 0.0940122 0.365495 -0.541472 -0.333804 -1.25459 0.549138 
-17.9738 -4.6287 0.30724 0.27619 -0.0761461 -2.00231 0.408656 -2.45528 0.602393 -0.280184 0.529122 -0.935186 -0.385074 
-17.0571 -4.20836 1.06572 -0.182424 0.249386 -0.423017 0.705159 -2.1316 0.592503 -0.475103 0.0702261 -0.67612 -0.902779 
-13.832 -0.037801 2.89051 -0.368097 1.34751 -1.48235 0.378616 -0.474056 0.914462 -0.248097 -0.133238 -0.583724 -0.0855207 
-20.5285 -3.74999 4.39448 1.49277 0.842425 0.0277497 0.65319 -1.50719 2.01089 -0.680064 -0.126949 0.194137 0.765353 
-14.4854 -1.9232 1.28985 0.440831 0.708265 -2.26218 0.25911 -1.76404 1.23364 0.558232 0.211035 -0.590377 -0.138794 
-21.4316 -5.44665 1.18752 -1.39389 0.910206 -0.444485 1.44925 -0.364365 -0.620032 -1.51417 -0.525459 -0.846162 -0.109646 
-14.3054 -0.86796 1.94762 -1.93449 -0.310198 -2.73256 -0.277094 0.356327 -0.195757 -1.96313 0.366363 -0.366399 0.348966 
-18.5434 -3.90667 2.52025 1.87792 -0.864898 -0.845529 3.08615 -1.43928 0.631999 -1.99357 -0.185179 -1.34447 -0.278853 
-16.2536 -2.7768 2.96464 -0.723308 -0.636011 -0.0237229 1.50746 -0.318246 -0.0192865 -0.779215 2.23895 0.631163 0.212708 
-12.7376 -0.766582 4.38949 0.81977 0.92688 -1.13593 0.125259 -0.215018 1.2409 1.4176 -0.217111 -0.883288 -0.498102 
-15.7831 -0.786705 3.96112 -0.00950275 1.1247 -0.716387 1.3092 -0.335704 0.802602 -0.380837 0.121139 0.682898 -0.371644 
-16.8552 -3.93189 2.41247 0.698394 -0.678515 -1.00679 1.81364 -1.61127 0.25476 -0.169611 -0.192177 -0.350512 -0.481605 
-21.0175 -4.98637 0.622745 -1.27507 0.448346 -1.60589 0.0015051 -1.85913 0.107466 -1.30871 0.0221489 -0.419111 0.264832 
-12.7931 -2.13595 2.71213 -0.712515 -0.411462 -1.4187 0.25762 0.0410342 0.348829 -0.128196 -0.482429 0.220246 -0.217232 
-17.0302 -4.6973 1.77448 0.323759 0.667745 0.0109964 0.623429 -0.696926 0.625876 -1.0075 0.503568 0.289906 -0.100375 
-16.5733 -3.96344 1.43432 -0.170565 0.54947 -0.309081 0.773811 -0.642948 1.76318 0.564454 0.441668 -0.496189 0.322523 
-20.1955 -5.40035 2.31144 1.34924 1.37933 -0.588757 1.38287 -0.525542 0.373476 -1.53263 -0.607053 -0.193195 -0.753224 
-13.5069 -1.579 3.32387 -1.04589 -1.30676 -2.11161 0.513593 0.656991 -0.00340169 -0.960754 0.315547 0.572631 0.264353 
-13.0946 -1.48628 3.725 1.20025 0.622127 1.1628 2.90118 0.306607 0.777106 -0.968599 0.540593 0.0618164 -0.441949 
-16.2152 -0.944936 2.58719 -0.0850192 2.36542 0.000323976 2.25638 0.998277 2.05095 0.511289 1.96843 0.667241 -0.0737335 
-14.9104 -2.30257 2.77694 -0.471768 -0.503775 -0.541644 -0.206213 -1.5643 1.32692 -0.182587 0.638943 -0.519076 -0.331902 
-14.9429 -2.08796 2.86985 -1.44023 1.20285 -1.39248 -0.448701 0.541954 0.0119162 0.171362 -0.500234 -0.139507 -0.276503 
-15.5254 -1.86381 3.25179 0.73646 1.26199 -0.71803 0.0474086 -1.17404 1.18227 0.0742341 0.476588 -0.197593 0.564353 
-16.129 -1.67555 3.61107 -0.329078 1.6768 0.86857 0.6743 -0.630364 2.29355 0.333892 -0.648011 0.353364 0.508749 
-13.6737 -0.762652 4.80464 0.561113 -0.190006 -2.13765 0.237747 0.474467 0.433014 -0.4759 -0.0739141 0.20724 0.777562 
-15.6647 -1.79753 4.81402 1.48229 1.06293 0.422487 2.98218 1.36199 2.0397 0.867242 0.447929 0.320909 -0.00391176 
-14.757 -1.35362 4.37814 1.04592 0.883457 0.365716 2.9098 0.141569 1.52604 1.29107 0.0715754 0.554824 0.305678 
-16.6548 -0.927187 3.79518 0.839198 1.13162 0.662133 3.47794 -0.183448 1.70786 0.554411 1.53622 -0.0165165 0.526919 
-13.1968 -0.47459 2.8238 -0.55833 -0.246489 -2.63071 0.468468 -0.374836 1.08647 0.187941 -1.00338 -0.366416 0.462674 
-21.5439 -6.67136 0.438651 -1.97835 -1.85697 -2.24377 -0.149014 -1.1787 1.74397 0.187019 -0.243108 -0.69927 0.134358 
-15.095 -0.678814 3.54028 1.67988 2.1582 0.388476 2.37033 -0.738617 1.56695 -0.551056 -0.0943015 -0.360261 -0.392539 
-13.7001 -1.79024 2.52822 0.0518145 2.47501 0.329982 0.698379 -0.388921 0.308555 0.626144 0.103875 -0.183547 0.00743312 
-15.5289 -2.15489 4.25331 0.743397 -0.533482 -2.71584 -0.162188 -0.218936 0.438694 -0.870233 -0.42291 0.423962 0.0160209 
-15.3345 -1.18865 2.54506 1.72393 2.26583 -0.319886 3.32633 0.926436 2.02205 -0.727864 -0.24871 -0.843782 -0.975461 
-18.1161 -2.2848 2.96939 -0.89727 0.130261 -1.65647 -0.168959 -2.72396 0.0962136 0.0504517 -0.0666241 -0.15713 -1.12672 
-14.1049 -2.05213 1.93858 -0.397599 0.414806 -1.17213 0.367005 -0.69042 0.598925 -0.100437 0.949808 0.0428773 -0.138259 
-14.8044 -2.75285 2.62553 -0.577829 -0.258025 -0.989177 0.422502 -0.238847 0.410217 -0.453037 0.327419 0.292035 0.248144 
-16.8825 -1.55288 3.00447 1.04718 1.87639 -1.51195 1.86245 0.692932 1.58821 0.523206 0.805513 -1.004 -0.527983 
-17.457 -3.03033 3.26152 0.657631 2.47555 1.55652 0.751311 -1.73475 0.260826 -0.0684494 0.767567 -0.138178 0.493347 
-13.3191 -0.97338 3.81071 -0.169675 0.903985 -1.62779 -0.460334 0.343765 0.581145 0.802383 0.612266 -0.501267 -0.225827 
-18.9561 -3.8041 2.82756 -0.408286 -0.0635821 -1.62426 0.38017 -0.508331 1.44933 0.205352 0.0603775 -0.0118353 -0.661206 
-19.8515 -3.09906 2.70194 -0.105562 -0.316664 -4.59396 -0.42143 -0.532957 -0.0957227 -1.11863 0.0906906 -0.920345 -1.07072 
-16.4528 -2.88229 1.59297 -1.60752 -0.126159 -1.74662 -1.01975 -2.2844 -0.367061 -0.909346 -0.143135 -0.371866 -0.117668 
-13.3434 -2.80842 1.53039 0.599206 -1.14855 -1.9071 1.5491 -0.0191621 1.50901 -0.490959 0.159487 -0.443662 -0.122111 
-19.6524 -3.60495 -0.327371 -1.23951 1.023 -2.74522 1.18343 -1.1006 0.584504 0.792679 1.59041 -0.322866 0.172397 
-15.6524 -4.03863 1.69635 1.7828 2.35837 -2.22848 0.357902 0.614982 0.160264 0.182878 -0.0473835 -0.593994 -0.637446 
-15.1114 -1.11164 4.16507 0.411818 2.00231 -0.504995 1.00403 0.722025 0.748041 -0.0588026 -0.599543 -0.595485 -0.417223 
-13.9967 -1.28761 2.40986 0.358007 0.793592 -0.547029 1.84053 -0.503423 0.773642 -0.742024 -0.0549654 -0.233898 0.247847 
-16.5033 -0.8751 3.36664 0.851201 1.47461 -1.79526 2.75666 1.76545 1.91607 0.619593 0.763087 -0.676769 0.00911781 
-15.2006 -1.05608 3.76948 1.24453 3.66241 1.44648 2.75099 0.502997 0.40844 0.417347 0.457195 -0.0545132 0.533549 
-11.0084 0.307204 4.16592 1.16613 1.07152 -0.271437 0.937354 0.395997 1.72426 -0.0317028 0.381787 -0.0378094 0.869595 
-16.9308 -3.6905 2.50236 1.00426 1.22109 -0.011488 1.71867 0.201163 1.32681 -0.438763 1.16649 1.40785 0.27437 
-16.1977 0.955224 3.31527 -1.84385 -0.852988 -3.50894 1.45332 -0.690329 -0.0206943 -0.465713 -0.0607123 -0.711435 0.602585 
-16.7786 -1.30261 2.09145 -0.540498 0.734701 -2.22225 0.82033 -1.25259 0.417805 -0.222389 0.249616 -1.1462 -0.559584 
-13.1277 0.488922 4.14245 1.09955 1.46933 -1.35073 0.316187 -0.656968 2.10288 0.237049 -0.395111 -0.0368908 0.142024 
-16.0626 -2.50176 2.99348 3.3081 3.42067 1.19266 3.22538 -0.680348 0.50359 -0.470729 0.756553 -0.281902 -0.156387 
-14.3965 -1.22707 2.27741 1.55788 1.46262 -1.36303 2.52681 0.516809 1.04461 -0.838319 0.590456 0.106362 0.772776 
-14.2659 -2.11715 2.54468 -0.420477 0.494794 0.165622 1.21903 -0.936863 0.683404 0.698444 0.632623 -0.217652 -0.0682912 
-18.0201 -4.7722 2.49458 -1.06218 -0.82433 -3.03892 -1.02864 0.103977 -0.191084 0.214414 0.0945275 -0.286621 0.25981 
-19.1485 -2.13673 2.62304 -1.7327 0.621632 -0.804487 0.914232 -1.37915 -0.348964 -1.54787 0.211658 -0.165724 -1.33557 
-17.6997 -3.01693 2.25969 -0.0469083 1.40087 -0.323902 0.745084 -1.43339 -0.100247 -0.614726 0.820177 -0.227459 0.230987 
-14.3527 -1.92834 1.33133 -2.23463 -0.555325 -2.42136 -0.72875 -0.701945 -0.643866 -1.13498 0.720007 -0.283438 -0.214377 
-14.7447 -2.81826 -0.131208 0.0816085 1.23152 -1.81521 2.69547 0.196213 -0.0384971 -0.402756 0.121093 -0.209668 0.399042 
-13.8422 -2.1366 0.297737 -4.01688 -1.11198 -0.525244 0.73249 0.692462 1.65689 -0.298271 0.276058 -0.368288 -0.393705 
-19.4969 -4.91812 -0.29518 -2.73573 -0.214174 -2.64596 -1.32908 -1.83461 0.512718 -0.772227 -0.456322 0.0184367 -0.819044 
-16.7529 -3.16067 2.74257 -0.320289 -0.785932 -3.26855 -1.73085 -1.31217 1.15679 -0.273228 -0.755002 -0.77564 0.0484708 
-17.978 -3.06041 2.1374 1.56325 2.15208 -2.89713 1.39244 0.583926 1.59397 0.986524 0.00932948 0.584831 0.680374 
-13.5658 -1.84769 1.66262 0.427063 1.40724 -1.74203 1.0969 0.0192266 -0.217753 -0.0562017 0.464168 -0.811922 -0.129622 
-18.6558 -4.6793 1.19387 -2.00786 -0.129498 -2.06175 -0.909 -0.401702 -0.806571 -1.54736 0.138759 -0.885746 -0.36547 
-13.8384 -1.05845 3.32973 0.616309 1.24275 -1.64038 -0.206876 -1.25664 0.103313 -0.00720282 -0.198166 -0.233141 0.293179 
-14.5987 -2.54826 1.9263 0.573345 1.6749 -0.953627 1.68455 0.508313 0.0576376 -0.225068 0.297886 -0.0229538 -0.0392675 
-14.6168 -1.39546 2.9012 1.35791 2.77877 -0.755948 0.583954 -0.757007 -0.174475 -0.187785 0.877636 0.0501966 0.554558 
-15.7705 -2.24941 0.414696 -2.70044 -1.13187 -2.96605 -0.856581 -1.89321 0.854264 -0.390197 -0.181065 -0.644961 -0.706723 
-17.2051 -3.74428 2.43097 -0.0959961 0.0787289 -0.665738 1.18932 -0.763071 -0.545119 -1.7717 -0.633572 -0.715205 -0.319834 
-15.8287 -2.11809 2.251 0.583237 0.884442 -0.850153 2.75361 0.115194 0.547932 -0.974047 0.306606 0.261519 -0.880588 
-18.9655 -3.52919 2.41579 -0.746529 1.57536 0.0730255 1.29108 -0.694053 0.0306259 -0.383366 0.342487 0.188507 -0.809979 
-12.0427 -2.69227 1.65151 -1.79327 -2.82196 -2.07724 0.606279 0.385491 0.032351 -1.2909 -0.105653 -0.136039 0.382387 
-12.9855 -0.0050253 0.747337 -1.58421 1.76092 -0.443642 2.30171 0.781177 0.697884 -0.298015 1.85483 -0.058417 -0.455792 
-12.888 -0.789263 1.30061 -0.438567 2.46117 -0.297043 0.209582 -0.715136 0.475002 -0.611535 0.53633 -0.319038 0.931184 
-18.3076 -2.97297 1.99027 -0.419547 0.359492 -2.01027 0.357351 -1.4555 0.291232 -0.469723 0.281386 -1.07138 -0.559984 
-12.5916 0.0828225 3.83801 1.73334 1.62257 -1.85373 -0.998193 -1.03969 2.35903 -0.389472 -0.604358 -0.282238 -0.0553656 
-16.9828 -2.0701 -0.802215 1.11237 2.87345 -4.28446 1.55808 -0.025327 1.17383 -0.78509 -0.797172 -1.03781 0.0386256 
-17.6868 -2.4113 -0.0277629 -0.975566 1.03898 -3.74523 -0.323378 -1.10279 -0.147506 -1.0097 1.40191 -0.836453 -0.0808859 
-18.7609 -2.48366 4.41688 1.53694 1.56428 -1.80165 0.058492 -0.317232 1.07648 -0.56997 -0.0329269 -0.457806 -0.272123 
-18.5267 -4.30386 0.898191 -0.339098 0.0143374 -1.91048 1.21643 -2.36331 -0.384184 -0.651117 -0.746361 0.0970399 -0.476509 
-17.5056 -2.8839 1.38929 0.334441 3.02053 -1.08795 0.285001 -0.528202 -0.0104582 0.182676 1.69122 -0.659944 0.442841 
-15.4257 -3.10997 0.48926 -0.902305 0.877151 0.0142936 1.35088 0.00219296 2.69278 0.610386 0.683713 -0.367544 -0.366728 
-12.6773 -0.285872 2.96801 -0.147697 1.20177 -0.212295 1.04239 0.277527 1.42489 0.157185 0.603697 -0.760845 0.5594 
-18.4307 -3.66625 0.1901 -0.611875 0.420049 -0.940962 1.64322 -2.05277 0.692916 -0.75615 0.197828 -0.698847 0.822754 
-13.6721 0.172047 3.00305 0.711419 1.77973 -1.98132 1.26986 0.953077 1.44249 0.280034 0.774274 -0.740322 0.748707 
-19.0287 -2.86809 0.0415716 -3.94948 0.457151 -1.43178 -0.10114 -1.54017 0.0392655 -0.452965 0.333075 -0.348493 -0.241166 
-11.8292 -1.9664 2.38249 -0.808388 -0.884287 -1.76809 -0.882137 -0.811666 0.306036 -0.605791 -0.296454 -0.158894 -0.372556 
-16.6714 -2.69968 2.71439 2.92223 1.54471 -1.27671 2.00814 -1.38532 1.37572 -0.531936 -0.110432 0.438371 0.229385 
-12.0599 -2.56861 0.57871 -0.943306 1.28698 -1.07786 -0.440177 0.508414 -0.00119128 -1.11107 0.264944 -0.20904 0.136902 
-17.2514 -1.80562 3.04354 -1.23851 0.572332 -1.82838 -0.701 -0.497696 0.588818 -0.933582 -0.250943 -1.06878 -0.264346 
-15.9773 0.548949 5.3832 0.247045 2.4225 -0.75396 -0.047964 0.0163263 1.37959 -0.284171 0.0978737 0.443174 -0.210359 
-17.0547 -2.34826 2.00615 -0.381832 -0.195018 -1.94319 1.33373 -0.325656 1.79129 -0.0597345 0.510166 -0.350063 -0.493299 
-18.2441 -3.93562 1.95526 -0.667768 0.301641 -2.05302 -0.175555 -0.52661 0.569836 -0.479672 -0.432458 -0.0935004 0.847749 
-12.5319 -0.819922 3.38594 0.503736 -0.304862 -2.00811 0.0227555 -0.805624 0.276657 -0.108298 0.840418 -0.724155 0.188207 
-19.0243 -4.80287 2.91095 0.248087 1.20506 1.09405 2.07234 -1.33916 -1.24493 -0.774853 -0.0866758 0.27243 -0.107231 
-15.598 -1.42048 1.55121 -2.50632 -0.478874 -1.57676 0.34406 -0.82432 -0.331943 -1.04517 1.12081 -0.785455 -0.174549 
-21.2896 -2.95874 1.73727 -0.047641 1.64793 -2.67646 0.103078 -1.15149 0.924652 -1.47622 0.335142 -0.589563 0.0207025 
-14.0018 -0.265506 3.08295 -1.15974 0.306941 -1.77628 -1.3055 -1.60884 0.95954 0.0225393 0.593317 -0.585145 -0.404608 
-20.3609 -5.59986 2.23425 0.0820073 -0.296151 -0.82494 1.09796 -1.26387 0.240398 -0.672848 -0.176562 -0.730164 -0.906204 
-16.2206 -1.62903 3.7756 -0.179863 0.804898 1.28273 2.12218 -0.568645 1.99267 0.044881 -0.440484 -0.350248 -0.0185356 
-14.1462 -1.50367 2.32724 0.146364 2.41687 -0.651579 -0.00479714 0.313844 1.20051 0.256698 1.13217 -0.283073 -0.322109 
-12.9269 -0.803376 3.8356 0.266651 0.116382 -1.61015 0.81769 0.575078 0.121124 -0.758636 0.0701666 -0.0215859 0.67051 
-18.3496 -4.05991 1.13415 0.191355 -1.98401 -3.0197 1.28524 -1.66049 1.03926 -1.41641 0.0645367 -0.915552 -0.497157 
-19.6751 -4.96853 1.54187 -0.487319 -1.00573 -1.53765 0.810161 -2.87602 -0.426262 -0.378348 0.593439 0.126927 -0.412481 
-14.487 -1.22551 2.24326 -1.39151 0.152421 -0.795994 -1.29656 -1.76806 0.690155 -1.62371 0.783411 -0.581122 -0.0641987 
-18.2726 -3.24174 2.11544 -0.0938766 1.61874 0.0648081 1.3202 -0.59897 1.50306 -0.156452 0.292297 -0.105427 -0.367732 
-15.1003 -3.32198 1.2551 -0.156235 0.225387 0.620542 2.44812 -0.168504 1.44564 -0.326349 1.17566 0.639122 0.147661 
-17.4389 -2.1437 3.01001 0.470878 1.22048 0.738887 2.64725 0.218081 1.5804 -0.998204 1.0044 -0.525279 -0.364178 
-14.47 -1.63398 1.42065 -2.61456 -0.277378 -2.26258 -1.15453 -1.68391 -0.39786 -0.512265 -0.497377 -0.29744 0.108882 
-18.7131 -4.87185 0.0750965 -1.3409 -0.275419 -2.35526 1.05248 -1.18269 0.356649 -0.645598 -1.78173 -0.2869 -0.103462 
-15.2885 -2.35655 2.20476 -0.0712317 0.991299 -0.810799 1.41854 0.880261 2.45689 1.42334 0.919237 -0.021729 0.0756322 
-16.2987 -2.91677 2.04486 0.559606 1.70984 -0.446529 0.408989 -1.08657 0.661603 -1.08778 -0.193898 -0.405068 -0.215866 
-12.8153 -0.667047 2.09602 -0.666507 0.0584082 -3.42526 -1.12519 -0.672493 0.0642047 -1.04979 -0.28334 -0.740986 0.0960897 
-19.054 -3.71855 0.657426 -1.40774 -1.67574 -2.77006 0.623564 -2.55455 0.452365 -1.24617 -0.127989 -0.335493 0.442501 
-15.9071 -2.4922 2.33779 0.57562 0.408765 -2.33258 -0.257149 -0.737932 1.01913 -0.797723 1.16794 0.556941 -0.507333 
-13.4784 -1.31534 3.5409 0.479525 1.00917 -0.0241972 0.188406 -1.63579 1.46978 0.838436 -0.178486 0.106544 -0.430951 
-18.7545 -3.28446 2.12554 -1.95599 0.332352 -1.91435 -0.407407 -0.832358 -0.342687 -1.53235 -1.19363 0.0566713 0.221429 
-19.3463 -1.19149 3.14158 -1.80544 -0.414643 -1.82955 3.10158 -0.761707 -0.594662 -0.27494 0.411303 0.368759 -0.504915 
-17.127 -2.1153 2.58401 0.492935 1.81885 -0.328117 1.65944 -0.43365 1.29232 -0.365456 0.556415 0.329622 -0.140907 
-17.1781 -1.24049 3.87015 -2.39285 -0.688608 -2.17374 -1.85929 -0.314858 1.14851 -1.95206 -0.293973 0.230686 -0.281299 
-23.0361 -7.07758 1.05847 -0.0158345 0.77415 -0.637913 -0.870081 -2.38825 2.18137 0.00034277 -0.486487 -1.32342 -0.635013 
-13.5653 -1.25466 2.65235 0.523451 1.36426 -0.0853102 1.21526 -0.898911 0.421418 -0.396078 0.634708 -0.521648 -0.879406 
-18.4231 -4.74925 1.38893 -1.28486 0.114258 -0.96353 -0.379366 -1.55392 0.100343 -0.224567 -0.132658 -1.1675 -0.724706 
-12.1229 -0.278837 3.20114 -1.73891 -0.571035 -2.28047 -0.204637 0.413648 -0.397229 -0.737284 0.0670576 0.0776971 -0.126363 
-19.3986 -4.72831 3.29594 0.640521 0.203647 -1.74311 -0.173846 -1.01752 0.120431 -0.313647 0.264299 -0.289487 -1.09879 
-14.8313 -3.41728 3.11171 1.30762 1.56943 -0.230178 1.25836 2.19996 1.46117 0.0847705 1.37868 0.711931 0.442637 
-16.1148 -4.94512 1.52516 -1.84323 -1.05596 -0.934506 -0.245564 -0.308574 -0.0969672 -0.922331 -1.12258 -0.620644 -0.289046 
-16.4071 -2.65954 3.03071 -2.11759 -0.877406 -1.49876 0.227612 0.198927 0.177767 -0.314277 -0.237969 -0.0486542 -0.236431 
-15.3835 -2.60592 1.85889 -0.944025 0.136709 -0.954074 1.173 -1.48447 -1.18362 -0.505051 0.304914 -0.367481 -0.910401 
-21.4007 -4.28189 1.5043 -2.88179 -1.32894 -2.34657 -0.46722 -0.896532 0.544214 -2.20374 -0.0414612 -0.118014 -0.427233 
-14.2068 -2.1902 2.10192 -2.00938 -0.491033 -2.43866 -0.720357 -0.350566 -0.775494 -0.657896 -0.373466 0.0952284 0.282767 
-21.5658 -7.60509 0.759242 -0.468656 -0.645614 -1.55182 0.75967 -0.405609 0.548549 -0.76811 0.448658 1.29532 -0.0234974 
-16.0489 -1.51015 3.3108 -0.626767 0.339271 -1.31417 0.913026 -0.463676 0.268896 -0.56201 0.571044 0.370599 -1.45927 
-18.0521 -4.1205 1.59323 0.394572 1.5702 -0.83098 0.915338 -0.297929 0.357324 -0.948061 0.288547 -0.440952 -0.421039 
-14.8239 0.0167024 2.47534 -1.28336 0.295351 -2.31006 0.00186503 -0.343426 0.546259 -1.73687 0.726753 -0.431184 -0.37338 
-19.732 -6.49848 -0.271058 -1.34123 -0.773166 0.258892 1.27358 -2.47968 0.410264 -0.823692 0.323791 -0.149909 -0.352335 
-16.5263 -2.96773 3.35371 0.434333 1.20478 1.28406 1.77094 -0.00867675 1.60705 0.498221 0.944897 -0.525464 -0.138006 
-15.9483 -2.67329 2.53841 -0.266032 -0.177167 -1.58 0.405531 -1.20114 0.33347 -0.179906 0.124549 -0.221116 -0.0552389 
-15.2932 -3.83209 -0.220384 -2.88709 -1.70803 -3.05599 -1.62218 -1.40531 0.471667 -1.01346 -0.410831 -0.321224 -0.277567 
-19.8316 -3.42672 2.27693 -0.776549 -0.75971 -1.82854 0.856028 -1.93971 -0.305931 -1.39474 0.492711 -0.693691 0.0242657 
-18.4173 -3.19607 1.09215 -1.42285 0.346915 -1.47983 0.24632 -1.49722 1.33711 -0.994942 -0.376235 0.276535 -0.659689 
-14.6375 -1.13257 3.4977 -0.602714 0.039997 -1.63058 -0.572214 -1.00237 0.629527 -0.0973179 0.408092 -0.378693 -0.141741 
-15.8926 -3.03761 1.35327 0.701167 1.04614 0.199965 2.0016 -1.0894 2.07815 -0.10347 0.0300163 -0.409786 -0.391678 
-15.0841 -2.97876 1.98137 -1.55383 -0.748629 -0.157603 1.23646 0.40482 1.75982 -0.21998 -0.425097 -0.214222 0.680297 
-20.9226 -4.54117 0.641737 -2.1304 -1.08223 -1.56793 1.40391 -1.07128 0.932153 -1.36086 -0.2088 -0.764638 -0.215875 
-15.2876 -2.75662 2.25363 -1.49984 -0.773476 -1.92966 -0.128278 -0.787519 -0.474723 -0.763386 -0.319185 -0.0150321 0.0983563 
-23.5511 -9.15987 -2.01264 -3.53724 -1.80524 -2.63288 -1.59576 -3.17913 -1.35623 -1.54281 -1.16013 -0.977961 0.646676 
-16.7963 -2.02764 2.68182 1.24023 3.42476 -0.197878 0.700502 -0.234311 0.898915 -0.509453 0.671243 -0.466353 -0.25737 
-18.5212 -2.72997 0.79724 -2.53282 0.828795 -1.33948 0.185831 -1.45222 0.172082 -0.341533 0.453164 -0.381129 -0.319358 
-12.0545 -0.151002 2.59451 -0.0366641 1.17537 -1.26161 0.34518 -0.279174 1.05374 -0.612851 -0.139079 0.0147271 -0.241719 
-16.4241 -5.36993 -1.72141 -1.62724 -1.05734 -3.30294 -1.36871 -2.4547 -0.762361 -2.16775 -0.701268 -1.48913 -0.300077 
-15.9567 -1.54141 2.37107 0.652935 2.6636 -0.56983 0.113433 -1.44404 0.670381 -0.521447 0.724872 -0.0183192 0.0166738 
-13.4622 -1.73901 2.68633 -2.07594 0.018133 -0.617939 -0.609875 -0.611279 -0.289481 -0.284784 -0.258138 -0.179924 0.519313 
-16.1313 -2.68883 2.4337 -1.35068 0.503276 -0.838985 0.302198 0.237834 0.458982 -0.442637 -0.0103571 -0.0586171 0.739694 
-15.1941 -1.32656 1.29515 -0.905392 1.80276 -1.36061 0.00766754 -1.84518 0.0461981 -0.86232 0.057289 0.335016 -1.13146 
-17.7968 -4.0264 1.45092 0.497956 1.87047 -0.798547 2.03742 0.474352 1.35096 -0.0104174 -0.519358 0.94133 0.59302 
-12.5818 0.258071 2.69077 -0.510738 -0.0959122 -2.6738 -0.0517374 -0.42239 1.07309 -0.784805 0.295829 -0.168929 -0.162651 
-13.1686 -2.08731 -0.569852 -0.648036 1.69501 -1.14001 1.07779 -0.594927 0.212129 -0.966825 0.345683 -0.384425 0.289366 
-12.2242 -0.79358 1.45673 -2.00662 0.341047 -0.540354 0.0194347 -2.00036 -0.571081 -0.562552 0.0104896 0.135895 0.31325 
-21.5404 -4.26593 1.60633 -1.74301 -0.197638 -1.28169 1.72921 -0.786543 0.365304 -0.656054 0.0540315 -0.550158 -0.107349 
-11.4862 -0.799304 0.923605 -1.3625 -1.00458 -2.42449 0.0899387 -2.14313 0.251529 -0.990946 -1.1634 0.135918 0.218118 
-16.023 -3.51152 0.628373 -1.9879 -1.11678 -2.18829 0.508437 -0.773206 0.723626 -0.391905 -0.441345 0.246338 -0.21875 
-14.4488 -3.52283 0.655879 1.70533 1.85993 -2.33245 1.14548 0.488274 1.11003 0.746903 0.614557 -0.501988 -0.304105 
-18.8578 -4.45919 1.14025 -1.32664 0.851088 -2.26425 -1.36888 -1.68485 -0.827049 -1.22492 -0.53109 -0.426977 -0.566639 
-16.3112 -2.49697 1.65696 -0.442274 0.737761 -1.54718 -0.509109 -1.07648 1.14185 -1.11132 0.537986 -0.288399 -0.246602 
-16.0332 -2.97513 0.658523 -1.11781 2.66085 -1.38613 -0.495183 -0.310844 -1.2493 -1.28354 0.282665 -0.122986 0.247498 
-17.565 -4.33313 0.376009 -1.93982 -0.306115 -1.96676 0.143654 -0.952744 -0.35517 -0.478154 0.529433 0.10728 0.271347 
-13.9312 -1.67294 2.61585 0.372756 -0.212726 -2.09248 0.393755 -0.642372 1.03867 -0.760323 -0.610732 -0.0137768 1.07037 
-16.2798 -4.75429 1.41308 0.706367 0.230583 -1.0106 1.02353 -0.768784 0.256954 -0.256579 0.853538 0.631929 -0.163545 
-15.7684 -3.83557 1.094 0.868104 1.40171 -1.07627 1.62512 0.731044 2.07216 0.619254 -0.0528647 -0.165674 0.47529 
-17.9728 -1.94129 2.26567 -0.51425 1.25445 -1.29127 0.825443 -1.08684 0.870629 -0.460228 -0.303995 -1.20388 -0.183808 
-15.1048 -2.14157 3.91649 1.12625 0.245153 -2.53719 -0.854453 -0.776194 0.468678 -0.733945 -0.292425 -0.0612655 -0.180259 
-15.684 -4.21649 -0.769762 1.11134 2.19027 -0.485812 2.20185 -0.342357 -0.0344455 -1.42726 0.92251 -1.09881 -0.044346 
-15.3542 -2.64917 3.52318 0.460503 -1.36689 -1.00318 1.18042 -0.879876 1.82895 0.357693 -0.124165 -0.479197 0.259761 
-19.9065 -4.2377 -1.64182 -3.71773 -0.878794 -3.23615 -0.433394 -2.22021 -0.0404718 -1.6795 -0.0933478 -0.266876 0.357504 
-14.8666 -1.20272 1.91344 -1.7815 0.372839 -1.56586 0.176333 -0.686828 0.84354 -0.0184332 -0.266615 -0.320492 0.328523 
-18.8963 -4.64388 -0.476483 -1.09238 -0.424268 -3.13748 1.1543 -2.01327 -1.24835 -1.23426 -0.75665 -0.887376 0.542716 
-14.2569 -3.75968 1.45563 0.162017 0.543187 0.00389971 0.760352 -0.70626 1.22532 -0.23612 -0.653631 -0.167926 0.0408367 
-13.3888 -0.736473 1.84772 -3.07881 0.21162 -1.59508 -0.4978 -0.0491784 -0.517208 0.0529466 1.17197 -0.0384146 0.199787 
-14.3244 -2.60877 0.614776 -0.593862 0.293008 -1.73112 1.33629 -1.95799 -0.374449 0.459393 -0.109644 0.632698 0.447999 
-15.0589 -1.98306 1.57249 0.79332 0.91859 -2.5903 0.761291 -0.865513 0.551118 -0.0316101 0.655201 -0.439413 0.179659 
-17.554 -2.78781 1.80727 -0.555967 0.881857 0.289111 0.617888 -1.95627 1.35573 -0.311947 0.638247 -0.990753 0.445756 
-13.1797 -0.445393 2.01988 -2.1921 -0.736766 -2.73082 -0.848536 -0.17629 0.484758 -0.419909 0.819353 -1.0612 0.373454 
-23.8128 -7.92844 -1.15544 -2.43146 -0.870108 -2.77733 0.00859085 -1.08796 -0.829337 -2.1357 -0.801943 -1.80316 -0.228035 
-13.7127 -1.31219 3.89397 -0.667068 -0.387222 -1.17898 -0.536091 -0.524482 0.819853 0.184922 0.125714 -0.726958 -0.191534 
-15.5712 -2.27338 1.7796 -2.23104 0.171705 -1.25797 -0.647876 -1.60856 -0.297181 0.0526988 -0.193714 -1.06563 -0.3919 
-14.2181 -2.52332 2.17271 0.508295 -1.08094 -3.12129 -0.636947 -1.37114 0.901681 -1.1018 -0.653209 -0.28768 0.533114 
-18.5098 -6.65776 -0.981261 0.0514468 0.413204 -2.91516 0.410185 -0.844721 -0.543411 -0.490209 0.0807185 -0.521883 -0.483402 
-14.3452 -2.68029 0.72997 1.48295 2.66155 0.0450393 2.21479 -0.602773 1.47959 0.107496 0.150368 0.106612 -0.0483301 
-14.2814 -1.7174 1.81385 -1.23941 -0.419195 -1.38138 0.0493881 -1.96847 0.394773 -0.47217 -0.0313117 -0.317762 -0.836416 
-16.2963 -3.89652 1.46338 0.944003 0.115201 -3.08985 -1.13993 -1.54658 1.50805 -0.22184 0.0282278 -0.0063767 -0.387342 
-14.4904 -2.11472 0.960495 -0.299272 0.957964 -2.49363 0.790427 -0.0809571 -0.37532 -0.819838 0.127961 -1.07995 -0.695911 
-19.6104 -4.34667 0.729237 -1.53191 0.330119 -2.04625 0.710467 -0.872203 -0.0747476 -0.778652 0.167098 -0.150256 -1.25497 
-13.9318 -0.694643 2.65754 -0.737079 -1.69262 -2.93523 -0.22114 -1.78905 0.66838 -0.646451 0.233039 -1.14421 0.269634 
-16.7491 -4.84996 0.384466 1.69883 1.58037 -2.9598 -0.433812 -0.717484 0.999962 -0.889139 -0.324768 0.201427 -0.241382 
-13.5176 -1.90471 -0.146684 -1.15943 2.33138 -0.708635 0.784485 -0.392017 0.346246 0.322918 1.4082 0.418754 -0.117144 
-17.8386 -2.64956 2.09513 -2.27003 0.749894 0.121575 0.813931 -1.0993 -0.311416 -0.379967 0.47279 -0.57261 -0.615702 
-14.4343 -0.833358 2.47336 -0.99032 -0.617792 -2.05795 -0.0860194 -1.5644 0.979028 -1.01499 -0.22272 0.0028921 -0.0447748 
-21.265 -4.88289 0.0562903 0.276596 -0.192782 -3.06837 1.72102 -1.72984 0.89242 -0.784618 0.55203 -0.617867 -0.131456 
-15.0394 -1.52358 2.18829 0.107018 1.51982 0.887504 2.92645 -1.19375 1.14813 1.1873 0.210318 -0.831639 0.0924478 
-15.877 -2.57595 2.63518 0.126365 -0.5184 -1.9158 0.246731 -1.41004 0.393269 -0.959542 -0.156224 -0.444417 -0.139207 
-17.2903 -4.26005 1.47857 -1.77175 -2.12538 -3.66128 -1.61722 -1.99476 -0.181548 -0.735136 -0.266349 0.0830563 -0.362966 
-15.4647 -2.5078 1.26092 -1.44399 0.209141 -1.27741 0.680044 -0.820299 0.695974 -0.721063 -1.49025 -1.01552 -0.548321 
-17.6335 -2.76705 3.34607 1.44762 2.56247 -0.703044 0.11008 -0.374843 1.36784 -0.509002 -0.262809 -0.0959336 0.437522 
-15.0205 -3.79428 0.183859 -2.63757 -1.62247 -2.8756 -1.1954 -1.30512 0.0269529 -0.857775 -0.283427 0.130446 -0.696304 
-20.7231 -6.99496 1.31947 -1.49079 0.847235 -1.23443 -0.999265 0.00360096 -0.950198 -1.48059 -1.10502 0.047937 -0.150789 
-18.5308 -3.41823 1.32871 0.964622 3.28706 -0.522578 0.941755 -0.526285 1.3265 0.522192 1.86327 0.384426 0.0812441 
-19.6636 -5.09089 2.15842 0.332777 1.74964 -1.73987 -1.53918 -0.270659 1.33768 -0.684257 -0.362312 -0.381273 -0.461883 
-12.7926 -0.837257 2.54482 -1.46707 -0.551269 -2.44212 -0.293087 -0.271089 -0.534771 -1.0558 0.079062 -0.0814003 0.0501873 
-19.2523 -5.9995 -0.830444 -0.87276 0.861974 -1.18423 0.94872 -2.60625 -0.702581 0.15987 -0.231951 -0.180656 -0.0262875 
-15.9712 -2.17299 3.52942 0.217167 2.24975 1.56522 1.02875 -1.48374 1.34934 0.613337 -0.356379 0.714197 -0.310243 
-16.3355 -2.46157 2.62681 -1.11155 2.6063 0.354612 -0.0190799 -0.738054 -0.613669 0.201875 0.20576 0.080802 0.266106 
-14.1658 -1.97633 3.30824 -2.27491 -0.909244 -0.785348 -0.531618 -0.940979 -0.250061 0.062012 -0.294367 0.0526291 0.0194856 
-18.4214 -4.97902 1.58675 -0.452297 -1.56525 -1.88569 0.424427 -2.76217 0.162925 0.0405344 -0.365033 -0.448777 -0.518522 
-17.9436 -2.11418 4.14988 0.776972 1.91219 -0.224153 1.65631 0.792454 0.85434 -0.756593 0.517951 0.494573 0.631206 
-12.1315 -1.57071 2.26067 -1.79462 0.111693 -0.975933 -0.563535 0.048027 0.23643 -0.206142 0.0144308 0.0468785 -0.322769 
-19.2004 -5.17888 2.06687 -1.06123 0.31354 -0.97612 1.32546 0.0802513 -1.16906 -0.528667 -0.300944 0.337679 0.382446 
-15.1036 -1.10326 2.11049 -0.230311 1.36703 -1.09636 1.07463 -1.37531 0.459025 -0.300297 0.129902 0.0660101 -0.560665 
-18.9789 -3.74711 2.76889 -0.00474508 0.00189807 -1.07378 0.310777 -1.4521 1.14215 -0.882693 -0.894188 -1.19703 -0.270012 
-13.5102 -1.87006 2.5095 -0.84844 -0.925538 -2.06359 -0.428982 -0.757567 0.815663 -0.532097 -0.54961 -0.147025 0.479705 
-21.6371 -8.11904 -0.234348 -2.10103 -1.84551 -2.09635 -0.175854 -1.74308 -1.16699 -1.62056 -1.54201 -1.83129 -0.624395 
-14.5436 -2.06508 2.10849 0.521941 1.34999 -0.876441 1.67024 0.372037 0.646549 -0.451734 0.730052 0.047348 -0.682701 
-20.1984 -4.1016 3.10312 -0.818051 -1.45062 -2.4524 -0.497911 -2.20389 0.537072 -0.605686 -0.66301 -0.619989 -0.603604 
-12.9404 -1.16019 1.89828 -1.82329 0.0286228 -2.48141 -1.32401 -1.04091 0.510037 -0.0593173 -1.10454 -0.266015 0.120466 
-18.7211 -4.59762 -0.83317 -1.31656 0.759495 -1.49502 -0.0474993 -1.96571 1.05737 -1.22193 -0.464467 -1.29155 -0.906712 
-17.2898 -3.84973 2.78195 1.15093 -0.308741 -0.264522 1.70939 -1.49228 0.804209 -0.353007 1.21784 -0.22392 -1.00754 
-15.0044 -1.44828 3.21938 -0.476591 0.369008 -1.97227 -0.58438 -0.945028 0.130537 -0.377514 -0.0751115 -0.19633 0.696302 
-17.0999 -2.74532 0.775134 0.164447 1.55567 -1.72886 0.932622 -1.51131 1.14577 -0.403122 -0.319242 0.0327412 0.0670675 
-17.7091 -3.4321 1.19473 -0.962189 1.08529 -0.226252 2.26396 1.20484 2.11742 -0.561176 -0.519818 0.0214648 0.587624 
-22.6701 -5.14404 2.93754 1.42959 1.21863 -0.725634 1.06499 -1.34305 1.09987 -0.983815 0.599196 -0.317417 -0.177627 
-15.6118 -2.65135 3.18398 -0.661247 -0.999189 -4.15857 -2.06259 0.432198 0.558115 -0.326393 0.0511105 -1.11436 0.0281136 
-19.271 -5.3254 0.649603 -2.32716 -2.57205 -1.80008 1.78621 -2.41346 -1.13194 -0.115385 0.0655459 -0.00297698 -0.279741 
-15.8886 -1.13442 2.51484 -0.362884 -0.790285 -2.65499 2.42126 0.158645 0.73992 -0.509224 0.549798 -0.0902576 -0.239295 
-16.0915 -2.93042 1.45444 -1.71311 0.26709 -0.292328 0.0250618 -1.6083 0.220225 -0.996044 0.408677 0.732342 0.022845 
-15.0718 -1.45009 3.06937 -2.79207 -1.91281 -2.40507 -0.384671 0.382678 0.448219 -0.806993 -0.0923395 -0.558977 0.256967 
-17.2267 -2.93009 1.31388 -0.826948 -0.0518099 -1.77895 0.481213 -1.63292 1.39502 0.212099 -0.479771 -1.49911 -0.72994 
-17.2284 -1.62887 3.68796 -0.458234 1.34231 0.3828 0.881229 0.257561 1.90923 -0.541693 0.654561 -0.362493 -0.245001 
-14.1329 -0.632584 4.03961 -0.219481 -1.12654 -1.375 1.1839 -0.89155 -0.0905333 -0.396555 1.24969 -0.715248 -0.394983 
-15.2269 -4.33032 1.31963 -2.46585 -1.00922 -0.540158 -0.0792744 -0.275063 -0.139101 -1.38966 -1.45763 -0.187552 -0.339812 
-17.0173 -3.41696 2.86975 -0.971756 -0.833673 -0.298544 0.383435 -2.61648 -0.800096 -0.424867 -0.174211 -0.830845 0.100138 
-20.4106 -4.80699 1.87117 1.04144 0.460701 -0.427492 3.37328 -1.57554 1.3588 0.319062 -1.01496 -0.435635 -0.888614 
-15.5128 -2.03669 2.31843 -2.69883 -1.18732 -2.50028 -1.03424 -1.21003 -0.569662 -0.667873 -0.110032 -0.107174 -0.398086 
-17.904 -4.33795 1.78284 -0.597546 -1.5203 -1.37234 1.12293 -0.977569 1.63859 -0.571141 0.265226 0.552497 -0.615474 
-15.3464 -1.76097 1.33821 -1.17059 0.148052 -1.51974 1.22645 -1.31485 0.475404 0.134328 0.674738 -0.13898 -1.00093 
-19.7369 -3.43523 0.178031 -2.17608 -0.237581 -2.46246 0.538868 -1.71585 -0.0413993 -1.3047 0.0351995 -1.64764 -0.798305 
-13.4628 -0.785426 2.37732 0.00653073 0.734052 -2.78199 -1.29575 -1.55643 0.512441 -0.512199 0.154884 -0.574707 -0.611857 
-22.1174 -7.29647 0.927529 -0.619287 -1.29846 -3.01636 -0.52724 -1.66546 -0.494985 -1.09673 0.372806 0.149521 -0.261692 
-17.1367 -2.57835 2.68156 -0.112243 0.307046 -1.24533 0.103919 -1.62698 1.40672 -0.896573 0.0133052 1.55955 -0.00382434 
-19.4842 -3.48553 0.666596 -2.03806 -0.0313364 -2.61431 -0.0874905 -1.57219 0.483656 -1.21409 -0.438989 0.0888251 -0.279984 
-17.1008 -2.42439 1.31568 -0.840233 -0.018384 -4.62656 -0.608193 -0.617877 -0.177049 -2.05383 -0.691344 0.81486 -0.65482 
-15.6986 -3.41807 1.57388 -0.33132 -1.60316 -1.53515 0.640211 -2.47544 0.433592 -0.59436 0.624789 0.188544 -0.376133 
-15.8641 -2.04818 2.95269 -0.845097 0.461465 0.364675 1.25112 -0.546025 0.992277 0.0317139 0.358533 -0.881593 -0.434371 
-15.9329 -1.70034 3.27316 -0.0522414 0.108295 -2.72095 -0.836202 -1.31713 0.73151 -0.207482 0.0813924 0.110292 -0.377524 
-18.9439 -5.79929 1.52549 0.742395 0.603198 -1.01296 1.0565 -1.33779 1.09487 2.08971 0.184588 -0.881382 -0.372779 
-16.4714 -3.30062 2.10991 0.0116987 1.25287 -1.47812 -0.100916 -1.30224 -0.123094 0.935592 0.612658 -0.564421 -0.331504 
-20.3961 -3.27319 3.21892 -1.21907 0.105853 -1.57707 0.0698513 -1.51951 -0.133652 -0.553102 0.0907754 -0.262702 -0.366977 
-15.5838 -3.10922 2.33041 -0.9903 -1.13977 -3.56783 -1.90219 -0.493213 0.898855 -0.608634 -0.803067 -0.653115 0.177817 
-16.0859 -5.82661 0.719985 -0.0516842 -0.354971 -1.36655 -0.118234 -0.281969 -0.169322 -1.40508 -0.144415 -0.252747 0.303155 
-12.8851 -1.04839 2.10284 0.229886 1.03081 -0.901501 1.29071 -0.285655 0.00176173 -0.89428 0.999472 0.0683472 0.0842863 
-13.8253 -0.817144 3.33227 1.35575 2.91032 0.412624 2.26236 -0.00759867 0.987759 0.484278 -0.211594 0.258092 -0.0117595 
-10.2198 2.06874 5.5128 3.1443 4.12515 0.455309 1.02505 1.25437 2.617 -0.327944 0.0424728 0.281364 -0.408286 
-7.32925 0.255845 9.40511 6.09968 2.5516 3.88281 3.17594 3.56135 1.78504 1.15124 2.20322 -0.474856 0.304686 
-6.15349 1.14322 7.15848 5.71147 4.86725 4.79102 2.17717 2.29723 2.8029 0.221905 1.83368 0.017495 -0.0561358 
0.938205 2.15371 9.17794 6.06339 2.805 5.64386 1.1311 2.74459 2.2195 0.744669 2.35274 0.625674 -0.313929 
-4.97694 1.75477 8.80369 6.19914 3.23055 3.10726 1.64729 3.24759 2.07419 -1.28022 1.39914 0.73544 0.0228579 
-1.52189 2.65996 6.74126 6.04239 3.61363 3.67483 3.26979 2.92836 1.93355 0.206237 2.15549 -0.492778 -0.497248 
0.369001 1.85135 10.1575 7.623 2.35421 5.82709 1.8076 2.14305 1.98436 0.26781 2.17916 0.342963 0.0359669 
-2.1728 3.29996 8.61217 6.55825 2.72658 3.10087 0.863217 1.08878 3.10517 0.520835 1.79443 -0.657903 0.251937 
-1.82581 3.27285 9.05367 9.00542 4.43253 4.12233 3.00781 1.92716 2.18571 -0.5377 1.82222 -0.463768 0.308887 
4.46877 3.83389 9.42929 9.06772 3.03897 5.29297 2.10308 1.73467 2.19475 -1.20288 1.41143 0.764546 0.105561 
0.688349 2.23077 9.0489 8.15265 1.57343 3.81318 1.4677 1.13501 1.74626 -1.07244 1.89721 0.106801 -0.259592 
5.9969 3.4363 11.467 11.9089 2.66082 4.06897 0.914281 2.40198 2.28663 -0.964949 2.17277 0.88542 0.0765854 
9.76051 1.96058 8.57239 11.3338 1.61981 3.10296 0.395248 2.39203 2.73244 0.568628 1.34737 0.328498 0.519842 
7.12348 2.8771 7.954 10.2182 2.0658 3.28822 1.43452 1.85155 1.75866 -1.03719 1.83742 0.0496488 0.298435 
13.5609 3.6866 8.06014 11.0281 2.48844 4.28305 1.28193 2.38567 2.00511 0.358773 0.952881 0.309269 0.602034 
6.78821 2.58497 6.91873 9.06283 1.38573 2.19355 0.566779 1.34142 1.22777 -1.39865 1.41285 -0.125536 0.773818 
15.9885 5.21995 7.50602 10.7946 2.08783 3.54141 0.606267 1.05104 1.72231 0.486676 1.3332 0.10307 0.842055 
11.5571 5.09316 7.99282 10.6898 2.00046 2.53723 1.24537 1.19087 1.76371 -0.328058 1.52298 0.275345 0.479465 
10.3976 4.27147 7.9818 10.9319 1.27248 -0.0145301 -0.95254 1.28788 2.31043 -0.273726 0.959605 0.0416882 1.42286 
16.587 4.22728 6.48289 10.389 1.62828 3.2061 1.62915 2.32794 1.85136 1.71802 1.23281 -0.12105 1.02867 
9.27639 2.99748 4.74539 8.40401 1.06336 1.1304 0.765864 0.509985 2.01795 1.13733 1.49199 0.153782 1.92008 
17.314 5.56602 6.87627 11.5746 2.13125 1.31056 0.34552 1.82909 2.61002 1.65848 0.712998 0.203548 2.02483 
11.8615 5.44546 5.77448 8.4403 1.74812 0.944485 0.547773 1.14161 2.55355 1.49477 1.66138 0.687179 1.29366 
14.6751 5.33055 6.65531 10.8217 0.726059 0.480397 0.0510492 1.04861 3.40196 1.09308 0.548722 -0.448604 2.43726 
19.7432 5.87064 5.56712 10.0341 1.31181 1.83346 -0.069809 1.53004 3.05432 1.9922 1.21043 0.398856 1.69395 
13.4907 5.24462 4.26505 7.62933 1.10488 -0.713824 -1.19215 0.430651 2.44082 1.16412 0.155734 0.343512 2.04913 
23.4668 5.83874 5.35397 10.2585 0.318614 1.16447 -0.559813 1.16935 2.35455 2.95707 0.675264 0.13108 1.29017 
17.0946 6.31242 3.84565 6.81693 1.1781 0.736556 -0.286528 0.652685 2.1731 1.9822 0.74871 0.692226 1.29695 
20.481 6.58038 5.41389 8.30887 -0.494093 0.627405 0.0131675 0.588066 2.24516 3.21258 0.455428 0.0608896 1.73273 
23.7583 6.20151 5.30755 8.36517 0.202369 1.70649 -0.44626 1.71963 2.34114 3.82142 0.383279 0.434475 0.489528 
19.6094 5.50387 5.09098 6.33594 -0.67967 0.917241 -1.04905 0.869345 2.40982 4.03442 -0.918175 -0.0494363 1.47927 
24.4632 5.79844 6.30517 7.79892 -0.790415 2.1316 -0.457451 1.26821 1.22743 5.41074 0.203373 0.114646 0.869606 
25.8316 6.38565 5.45488 6.60378 -0.0948776 3.11423 -0.156055 2.24784 0.954273 4.00401 -0.100798 0.869117 0.981989 
24.3645 5.55963 5.27251 5.25442 -1.52314 1.7791 -1.40122 1.93502 0.808388 4.49248 -0.820428 -0.0863843 1.44456 
28.1386 5.39762 5.71934 6.62946 -0.776217 3.34849 -1.81875 1.64006 0.692494 5.63267 -0.171909 -0.0145702 0.897444 
26.2543 6.01068 6.12389 6.35352 -0.0199642 4.02899 -0.164769 2.44804 0.0506481 4.59446 -0.173755 0.00712128 0.698817 
22.6033 5.81598 6.34587 5.73906 -0.384048 3.00452 -0.362951 2.08144 0.193067 4.26173 -0.237392 -0.0717009 0.656267 
21.9252 4.35078 5.04327 3.92301 -1.57083 3.15528 -1.04535 1.18199 0.31033 5.16859 -0.107215 0.476258 0.492891 
23.8795 5.77245 6.13694 5.93349 -0.518547 3.14995 -0.653354 0.960226 -0.00602574 5.47207 0.00362228 0.021421 0.891473 
24.7223 7.07802 6.32251 6.23262 0.654448 3.81277 -0.528487 0.969055 0.449164 4.98144 0.175944 0.469439 0.501071 
18.1191 9.47626 7.34843 4.98609 1.71206 2.60585 0.130745 0.999226 1.63741 4.07321 0.221469 0.397482 0.394212 
11.7004 9.63094 8.96045 5.50355 0.400324 1.54613 2.19398 0.541828 2.65374 3.30218 0.309669 1.93259 1.42014 
12.0427 7.93976 7.79299 6.76803 1.38302 1.37127 1.41394 1.1209 3.22079 3.271 0.213833 1.31482 1.16476 
4.2404 7.77844 8.35537 6.35833 2.82128 2.49925 4.03213 1.39123 4.38059 3.53053 0.359689 0.946331 1.23164 
0.908716 7.65626 8.43194 5.50611 4.73516 2.47421 1.94282 1.74462 3.82911 1.68787 0.993327 0.710243 0.668124 
-3.62923 7.13201 8.61007 4.01042 2.95964 0.983849 2.92661 1.49729 2.76905 1.51674 1.798 0.95228 -0.0158373 
-3.07495 3.3391 8.14929 5.12279 3.2453 2.66764 2.34461 2.06222 2.26263 2.06884 1.3968 0.748276 0.198321 
3.28492 3.15958 8.67722 5.41209 1.56931 3.77771 1.63783 2.65548 2.34766 2.60008 1.38645 0.861757 -0.223105 
6.14211 5.53352 11.1181 7.82996 2.78551 3.70038 1.95918 2.79429 2.32391 3.17071 1.04236 1.26583 0.00217412 
3.67798 4.75861 11.18 9.88409 7.19103 6.0747 3.3725 3.85571 2.28106 3.27426 1.50453 1.32848 -0.445676 
2.50595 5.48384 10.2608 6.29453 6.07296 5.91466 3.334 3.94019 1.82626 3.25947 0.986711 0.779694 0.293613 
0.834824 1.79539 4.65651 2.43392 2.0532 2.76068 1.36749 2.38711 0.736126 1.09466 0.670168 -0.00825757 -0.135144 
-10.5041 -2.12789 5.79797 1.12656 0.363734 0.840571 -0.245449 1.11847 0.143563 0.478039 0.254255 0.223142 -0.311362 
-11.6231 -5.1901 2.82368 0.51376 0.138401 0.216522 -1.04223 -0.0692924 -1.53297 0.0466514 0.61409 0.474996 -0.196779 
-12.5258 -3.83212 3.83854 -0.0230672 0.604479 1.0191 -0.0997481 1.76611 -0.0680805 0.192431 0.676775 -0.707131 -0.179921 
-10.3079 -2.78513 3.66405 -0.742173 -0.406091 -0.53833 -0.643804 1.31426 0.467525 1.14219 -0.323376 0.563043 -0.64538 
-11.9971 -5.6264 0.870215 -1.66398 -1.5185 -0.143877 -0.319012 0.0178148 -0.648469 0.143741 -0.396444 -0.775106 -1.00048 
-9.87622 -5.78379 1.7251 0.50084 1.74987 2.35403 0.104068 0.676204 -0.239265 1.52158 -0.610451 0.34427 -0.911811 
-9.3978 -4.69968 3.42456 0.244763 0.561458 2.28284 1.18742 1.78643 -0.961381 1.03228 -0.598619 0.49849 -0.231151 
-6.73143 -2.4511 3.11101 0.163097 -0.0439072 0.227602 -0.5504 1.30397 -0.33409 0.414691 0.145487 0.246549 -0.355538 
-12.4478 -7.5907 1.1606 0.420601 0.410271 2.12481 -0.159103 -0.918486 -1.03793 0.4693 -1.00569 0.169342 0.458309 
-10.2197 -5.95978 3.79273 1.49578 -0.113999 0.00253442 -1.47018 1.67409 -1.25941 0.370806 0.287042 0.207287 0.487241 
-10.4544 -6.45289 0.498083 -0.628479 -1.6392 -1.41416 -1.0169 0.06442 -1.57806 0.103911 -0.0820114 0.356864 -0.823008 
-10.9039 -5.95922 2.05369 -0.741537 -2.17386 -1.72154 -2.22232 -1.02158 -2.64672 0.0553033 -0.128973 0.289806 -0.106466 
-11.4656 -7.41445 2.74149 0.00242251 -0.728391 1.11712 -0.212732 1.67995 -1.20848 1.17173 -0.325317 0.183745 -0.491357 
-12.5225 -6.99867 3.78549 0.350058 0.0102648 2.44878 -1.21234 0.519255 0.370678 1.63999 -1.07396 -0.689151 -0.0755004 
-10.1317 -4.61849 4.26742 -1.11588 -1.8241 -0.232619 -1.58863 0.49623 -1.62732 1.2758 -0.609366 0.0109003 -0.230943 
-12.4019 -5.28818 3.85743 -0.26923 0.458614 1.69106 -0.753612 0.671537 0.393931 2.07845 -0.808663 -0.0564791 -0.293455 
-11.0546 -5.84506 3.48039 -0.964701 -1.5656 0.488947 -1.46407 -0.126935 -1.5694 0.977236 -1.08695 -0.268882 -0.741067 
-15.5501 -6.36954 2.01583 -1.8398 -0.946618 -0.798561 -0.425947 0.667568 -0.420925 1.27724 -1.16514 0.339339 0.365172 
-6.75268 -2.7154 3.81956 -0.626411 -1.01412 0.25297 -1.31992 1.62639 -0.0157294 0.611634 -0.118522 0.547982 0.210968 
-13.3743 -6.77529 3.02597 -0.252323 -0.582623 0.122304 -2.3978 0.398891 0.0191904 0.801504 -0.379522 0.127394 -0.0849937 
-9.58411 -4.89132 3.22989 0.0252555 0.520714 0.783296 -0.709915 2.72317 -0.203614 1.04466 -0.171785 -0.550099 -1.03589 
-11.9344 -4.2498 4.1603 -0.734564 0.35767 1.68451 0.207505 1.26144 -1.71558 0.227657 -0.295806 0.638554 0.920975 
-13.2791 -6.26459 4.38244 -0.0613019 -1.50699 -1.04698 -1.82594 1.89122 -0.44649 -0.147818 -1.43754 0.578917 0.290651 
-10.9205 -6.46875 3.06331 -0.568441 -1.1764 0.953062 -1.37146 1.2002 -0.847748 -0.0880692 -0.728868 0.485349 -0.0285688 
-11.829 -6.8107 3.03298 1.40116 0.708473 0.991678 -1.30964 0.890267 0.0649012 1.42041 -0.388365 -0.152657 0.021476 
-12.7175 -5.50214 3.1287 -1.52226 -1.43749 -1.25413 -3.47963 0.018293 -1.36784 -0.111667 0.0817303 -0.245717 -0.578112 
-10.761 -5.88602 5.13643 0.986009 0.376447 1.31863 -1.33733 2.29365 -1.47103 0.699461 -0.171784 -0.386642 -1.03613 
-11.9624 -6.4112 2.51282 -1.26726 -0.852772 0.244633 -1.02054 1.32207 -1.56491 0.0246248 -1.31389 -0.684753 -1.72994 
-15.2771 -7.53957 2.52045 -0.463305 -0.185937 0.767657 -1.20566 -0.1314 -1.80513 -0.0711558 -0.861368 -0.744429 0.0408699 
-9.37751 -2.24425 4.21481 -2.04465 -1.11944 0.901662 -0.823827 0.185215 -1.04833 0.888802 -0.543602 -0.515174 0.0624608 
-13.8021 -8.1142 3.5149 1.69543 -0.0705572 1.29127 0.0212041 1.16739 -1.69977 -0.00780818 -0.358783 0.225708 0.374362 
-9.04665 -4.32089 3.43062 -0.959653 -1.36613 0.175969 -1.64636 0.531901 -1.84501 1.11766 0.856606 -0.904534 -0.0625032 
-10.6114 -6.95489 1.18896 -1.97618 -2.45173 -0.149117 -1.54258 1.28894 -0.701231 0.390543 -0.35871 -0.835419 -0.298512 
-12.2175 -6.58564 2.09078 -2.37954 -3.87368 -1.78273 -2.41808 0.0858151 -1.35311 0.191096 -1.06967 -1.41876 0.357729 
-15.498 -8.96468 1.30361 -2.13103 -1.84178 -0.126205 -2.41267 -0.0379304 -2.44344 -0.53238 -0.557815 -0.949578 0.0853741 
-12.0332 -6.45976 3.39546 -0.308964 -1.52664 0.727933 -0.508784 -0.304718 -2.07152 0.975897 -0.396494 -0.174205 -1.02012 
-8.72303 -3.58398 4.64529 -0.145906 0.552887 0.99881 -0.990403 1.65864 -0.830714 1.99567 -0.59275 0.424214 0.345466 
-14.7445 -7.8891 3.17862 -0.749061 -1.13018 0.247856 -1.98558 0.585792 -1.85246 0.442425 -0.165893 -0.779909 -0.302845 
-14.5219 -7.52299 2.73954 0.453795 0.357455 0.267791 -1.25173 0.298632 -0.546895 1.20179 -1.79268 -0.637932 -0.429363 
-13.4108 -6.89098 4.16218 0.380647 0.0841374 1.7935 0.256081 2.14704 -0.782733 1.34621 -0.516607 -0.0517359 0.448104 
-12.1707 -4.07351 4.2875 -0.407312 0.100269 -0.787814 -2.66311 1.78715 -0.815269 -0.639514 -0.140636 -0.303053 0.683416 
-13.6395 -7.36911 2.72232 0.147315 0.486467 1.61681 -0.829677 1.415 -0.426028 0.703174 0.093315 -0.136828 -0.32319 
-13.3309 -7.25246 2.83115 -2.1565 -2.97434 0.68739 -2.08594 0.245958 -1.0569 -0.617952 -0.762464 -0.562514 0.609059 
-14.2799 -6.13172 4.2808 -0.867367 -0.0274008 0.963496 -0.927308 2.6144 -0.331783 0.359182 -0.771522 0.153497 -0.0315388 
-8.16837 -2.95174 5.93895 -0.508856 -1.95627 0.929536 -1.97854 1.59392 -0.15967 0.179455 -0.0613607 -0.420575 0.349337 
-14.191 -7.06646 3.16446 0.107506 -2.22844 -0.686269 -0.432621 1.19164 -0.851071 -0.0603409 -0.104683 -0.791915 -0.547275 
-11.1803 -3.04859 4.8486 2.40832 0.350641 1.0608 0.831164 0.559298 0.263893 0.54302 1.33526 -0.53371 -0.66041 
-11.9961 -1.7487 4.9839 1.89904 1.56347 1.02593 1.15867 0.821894 1.0368 0.946279 0.44763 0.181042 0.594893 
-13.631 -2.26845 4.72045 0.339763 0.706109 -1.01299 0.237434 2.42203 0.759767 0.664771 0.723657 0.514657 0.0940864 
-13.6115 -2.05696 4.98882 2.44802 1.1496 0.383102 0.602447 -0.803341 0.0728967 0.460916 1.88672 -0.123721 -0.0270405 
-13.1625 -2.42966 4.51875 2.73124 1.5172 2.16599 2.53259 0.315129 2.26107 1.47122 1.1131 -0.347963 0.0775882 
-8.29598 2.07685 5.22593 2.5343 3.20169 1.00875 3.15861 2.53432 2.60519 1.81284 1.0462 0.957034 0.310048 
-8.94538 1.50819 6.46583 3.65618 2.04264 1.78172 4.16006 2.77615 2.92053 1.75114 2.29725 0.98568 0.591281 
-9.65649 0.701445 4.09145 2.79432 3.60198 1.44411 2.91031 1.11293 1.94742 1.52989 0.667292 -0.483091 -0.199716 
-14.9644 -0.984438 3.33235 0.422255 2.55687 2.06511 2.6967 1.03889 3.0387 1.53163 2.19641 0.042149 -0.107648 
-14.7523 1.32136 4.31485 0.833841 2.48215 -1.31955 0.128084 -1.00041 1.42428 -0.190477 0.769487 -0.233806 0.0710606 
-15.9702 -1.68854 3.2156 0.520655 2.13583 0.534598 1.60051 -0.968908 -0.231565 -1.70405 -0.439178 0.52281 0.0190744 
-9.81266 -0.202914 3.47603 2.7674 2.47089 1.702 2.36022 -0.324893 2.05141 1.08759 1.38399 0.286981 0.549233 
-16.023 -2.52525 3.00326 1.13213 0.714924 -1.17682 1.23294 -0.848724 -0.235666 -1.13354 0.332934 -0.313945 -0.216325 
-15.4864 -1.44999 3.45684 -0.962069 0.194297 -1.71606 -0.764253 0.00862042 0.990017 -0.686442 0.259345 -0.326824 -0.0854759 
-15.0565 -4.05315 0.341365 -0.399893 1.09133 1.2259 2.84311 0.0935044 1.92495 0.76345 -0.253664 -0.441511 0.177027 
-20.8051 -5.20239 2.32889 -0.891564 -1.14202 -2.12283 -0.200116 -0.653886 0.362925 -1.09761 1.12184 -0.71779 -1.34598 
-16.2287 -3.15889 1.53678 -0.424405 -1.03163 -4.03505 -1.98199 -1.44909 0.517722 -1.49316 -0.431572 -1.47535 0.139255 
-15.3031 0.0679355 4.86359 0.398189 1.68673 0.00304953 1.666 1.23584 0.767731 -1.01426 1.29447 -0.0759658 0.546302 
-16.4746 -1.54416 3.31931 0.969924 2.28703 0.12613 1.87471 -0.287266 0.340838 -0.431301 1.2648 -0.375315 -0.489092 
-16.523 -1.97046 3.33187 0.109066 1.57345 0.34549 1.96133 0.604222 1.92367 0.667817 0.276266 -0.510559 -0.0542763 
-11.4287 0.371232 3.47043 0.144787 0.53465 -1.37932 1.03236 0.406686 0.981165 -0.421195 0.26029 0.612749 0.317775 
-16.8482 -4.54415 2.83256 0.576616 0.149983 -1.22595 -0.44716 -0.560543 0.0640361 -1.35203 -1.26315 -1.08915 0.380081 
-12.433 -1.52485 2.64311 0.874135 0.6889 0.696479 2.77796 -0.468606 1.91284 1.28488 0.492115 0.590146 0.0345546 
-17.0638 -4.11447 1.07256 -0.733236 0.274988 -1.80407 -0.4781 -1.71763 -0.0510373 -0.498188 0.0762246 0.105995 0.0573277 
-12.1707 0.0475262 4.31324 1.04272 2.47689 -0.862717 0.435536 0.926251 1.11712 0.480598 0.000561067 0.361236 -0.169019 
-15.6894 -2.51636 1.53231 1.38685 3.77257 0.571058 2.26946 1.08106 1.83136 -0.241028 0.186455 -0.60737 -0.501745 
-17.3288 -2.42078 2.45462 1.41129 2.00605 -1.92038 1.25017 0.741229 1.38689 0.344842 2.25727 -0.211472 -0.680404 
-16.2304 -3.29882 0.941039 -2.24857 -0.272703 -1.1289 -0.905218 -2.61242 -0.611024 -0.775476 0.221491 -0.193133 -0.465794 
-17.4656 -0.664779 2.57346 0.322296 1.01233 -1.7943 1.46976 -1.08368 1.52641 -1.02549 1.04449 0.0551289 -0.14198 
-16.7978 -5.52223 -0.0851742 -0.812846 -0.732235 -1.38469 1.10923 -0.795808 0.222264 -0.102096 0.714035 -0.305931 -0.910121 
-17.7335 -4.50404 0.670222 -0.137934 0.202075 -0.645634 2.41364 -0.936843 0.619714 -0.301872 -0.272622 -0.831016 -0.969488 
-15.6623 -2.38676 2.83815 -0.118289 -0.779825 -3.28614 -0.446732 -0.580952 0.915936 -0.434648 -0.694838 -0.220594 0.0167682 
-20.8769 -3.97755 0.7235 -1.9208 0.103294 -1.53952 1.32951 -1.51178 1.09828 0.149952 0.411766 -0.101604 -0.740058 
-17.1126 -2.97907 1.70825 -1.56986 0.467262 0.165784 1.35756 -0.949931 0.684437 0.40368 0.663255 -0.715689 -0.485718 
-17.9505 -2.80786 3.86056 -0.328458 0.274 -0.417393 1.34503 0.871512 1.79813 -0.661944 -0.239604 0.461701 -0.134366 
-11.8926 -0.0584496 1.76318 -0.228086 0.160089 -2.59294 0.2672 -1.03285 0.945662 -0.511277 -0.0301786 0.00380117 0.325586 
-14.6744 -4.00629 -1.62578 0.0501301 1.61874 -1.30419 2.50186 0.518912 0.713205 -0.556739 0.491497 -0.392159 0.151816 
-21.0028 -5.08523 0.0695724 -3.17377 -1.27961 -3.00165 -0.717614 -1.637 0.087121 -0.415057 0.258984 -1.21533 -0.767769 
-15.703 -3.12951 2.0052 -0.865518 0.700183 -0.380198 -0.823642 -1.86556 0.257508 0.164309 1.16512 0.330125 0.257671 
-13.7996 -1.05642 3.52722 1.42971 -0.134869 -1.73074 2.36655 -0.551535 0.747009 -0.32213 -0.00278769 0.913835 -0.276134 
-16.6863 -2.51709 1.5009 0.102129 2.00576 -2.38459 -0.0562787 -0.0752694 0.351716 -0.237863 1.22062 -0.366895 -0.785225 
-16.7993 -2.50882 1.96988 1.10204 3.21174 0.518 1.94201 -0.154262 2.1593 0.596409 0.350799 -0.177135 -0.521164 
-12.524 -0.673042 2.52608 -0.819584 -0.0402269 -1.39165 0.661546 -0.89229 1.38733 0.862074 -0.280289 0.226619 -0.460607 
-20.399 -4.67041 1.12311 -0.322256 0.18335 -2.67955 1.36794 -0.560869 -0.824979 -1.79813 -0.0311761 -0.048248 0.335487 
-14.3924 -2.42797 2.90791 1.34422 0.861909 -0.753451 1.55219 -0.900412 -0.0546434 0.214868 0.664749 0.138313 0.0456241 
-17.1837 -2.08847 1.72948 -0.95708 0.472816 -1.84947 0.920311 -1.50697 0.237086 -0.44107 -0.176308 -0.404676 -0.484345 
-12.3671 -1.10122 1.64289 -1.85939 -0.722322 -2.82809 -0.681877 0.633705 0.58436 -0.491268 0.787097 -0.791824 -0.244739 
-19.4765 -5.24238 0.305742 -0.1165 0.262682 -2.3723 2.10827 -0.912807 -1.02803 -0.694927 0.5049 0.53316 -0.252243 
-16.7191 -2.536 2.59869 -0.939123 1.3764 1.66188 3.37547 0.693123 1.27698 0.902878 0.910042 0.382399 -0.117797 
-17.8536 -2.05189 2.22199 -2.07862 -0.375498 -2.11325 1.65707 -0.10741 0.673432 -0.1124 -0.319982 0.787439 -0.515861 
-15.1773 -1.2684 2.56055 1.39855 1.59163 -2.44791 0.658915 -1.51642 0.343734 0.487241 0.454442 -0.439756 -0.0572047 
-16.7063 -2.69489 -0.263437 -4.04566 -1.1724 -2.06999 -0.2468 -1.75208 -0.214905 -0.259159 0.478636 -1.60191 -0.357476 
-16.2705 -3.47404 1.65039 1.51817 2.36632 -0.277519 1.20338 -0.381003 1.47765 0.0501114 0.7573 0.305448 0.124568 
-16.6867 -3.75069 0.464548 -0.869118 -1.71621 -4.10277 -1.06422 -1.91127 0.994058 -0.935149 -0.020922 -0.300587 -0.291956 
-15.2933 -3.02838 1.66863 -0.41842 -0.357113 -1.30849 0.861662 0.437342 1.11064 -1.35571 0.348685 -0.806825 -0.533333 
-17.1297 -0.605259 2.72697 0.199703 2.81025 -0.727534 2.02235 1.03955 2.57554 0.587713 1.11299 -0.0761498 -0.0940772 
-16.8763 -0.991734 3.25848 0.503577 2.12686 -0.132859 1.55763 -0.295775 1.56304 -0.0373381 0.95966 -0.859763 -0.375317 
-11.2742 -0.311263 3.75351 0.565105 1.05037 -1.88066 -0.483176 1.30631 1.42119 -0.34127 -0.243212 0.0633886 0.809727 
-22.4882 -5.85933 2.19552 -1.72509 -1.91333 -1.95078 -0.297026 -1.45445 1.41468 -0.678636 0.0660192 0.188238 -0.564533 
-15.0688 -2.54643 1.66488 -1.04676 -0.081379 -2.12536 0.317896 -0.620328 -0.285732 -0.614843 -0.131386 -0.42531 -0.777509 
-18.7027 -3.08525 2.92277 -0.86875 -0.332886 -0.876694 0.750718 -1.49793 0.141678 -0.240347 0.58177 -1.36276 -0.565062 
-14.5178 -2.6513 2.4175 -1.41564 -1.33983 -2.90116 -1.01898 -0.349262 -0.118982 -0.398799 0.0821748 -0.564279 0.0328207 
-17.4993 -5.23082 0.134805 0.64542 -0.308998 -1.69402 1.48531 -2.08529 0.0125629 -1.0607 0.124849 0.626435 0.166052 
-20.7618 -5.48991 1.23585 -0.98822 -0.72539 -3.71897 -2.13165 -2.10499 0.0613659 -1.22317 -0.199955 -0.51776 -0.563265 
-14.8279 -1.47166 4.02863 -0.710804 0.161838 -0.906046 -0.623802 -0.477385 0.494064 -0.169187 0.3317 -0.760031 -0.170706 
-16.4801 -1.32816 4.10544 -0.658246 0.927348 -2.08091 0.0125218 0.596519 0.0353087 -0.224727 -0.539978 -0.875146 0.249177 
-22.0685 -3.28094 3.00498 -0.483421 3.60821 0.623113 0.169767 -0.293445 1.85345 -0.963313 0.262122 0.022702 -1.52862 
-18.465 -2.94441 2.68685 0.611931 3.07794 1.04251 0.874207 -1.50404 1.06861 -0.513495 -0.314495 -0.0567068 0.0505186 
-13.777 -3.9501 0.92539 -1.50583 -1.95009 -2.08007 -0.434034 0.24955 1.13814 -0.686982 0.138208 -0.14096 0.973936 
-18.0798 -5.52812 -0.496218 0.319967 0.337279 -2.682 1.26263 -0.269637 -0.0131421 -1.27987 0.131505 -0.28011 0.018823 
-15.9688 -1.70008 1.92223 -0.75823 1.69129 0.346819 1.67206 1.19714 2.4062 -0.251281 1.04822 -0.496054 0.642468 
-16.9795 -2.78691 1.94028 -1.43471 -0.59327 -1.35271 1.08709 -0.400357 0.832644 0.0246615 0.578987 -0.797851 -0.225236 
-12.8674 -2.52242 2.25585 0.253754 -1.03837 -2.42996 -0.867619 -0.600063 1.56986 -0.642394 -0.539894 -0.741406 -0.236625 
-22.5539 -5.96671 0.5016 -1.36954 -0.0054882 -2.3107 1.40526 -1.48515 -0.705064 -0.0262708 -0.471798 -0.829016 0.0822135 
-16.7352 -2.23286 1.20464 0.25057 2.69028 -0.241621 2.35579 -0.271353 0.788412 0.600729 1.48815 -0.104339 -0.248334 
-17.1506 -3.44449 0.605587 -0.684308 -0.625548 -2.79387 0.358322 -1.85325 0.725886 -0.173664 0.446677 -0.222399 -0.158687 
-17.169 -5.31567 1.07195 -2.14033 -1.82816 -2.75733 -1.57236 -0.567006 -0.0836199 -1.42791 -0.281784 -0.0376814 -0.90571 
-14.9419 -3.4437 -0.0362212 -1.12248 -0.270439 -2.22558 0.0997178 -0.769107 0.852437 -1.15023 -0.379365 -0.120573 -0.430624 
-16.9229 -2.50223 0.706665 -0.212504 1.16513 -2.08169 1.18608 0.244709 0.976726 -1.2181 0.889802 -0.575358 0.399122 
-13.3292 -2.27841 1.55568 -0.670966 -1.04103 -2.62609 -0.115368 -1.0033 0.583898 -0.549078 -0.505648 -0.207199 -0.0875669 
-17.9061 -5.17313 1.68597 0.730982 -0.7652 -2.34103 0.450328 -1.72155 -0.456296 -1.07213 -0.19693 -0.232281 -0.733588 
-14.811 -2.48008 1.97212 -0.655115 -0.680439 -2.18178 0.486122 -0.55901 0.438348 -0.84514 -0.410055 0.166355 0.265151 
-18.0062 -4.37226 0.533712 -1.44468 1.36079 0.298532 0.066274 -2.26687 0.530653 0.0813911 -0.197142 -0.401044 -0.0665218 
-14.6194 -0.474924 2.70473 -1.78593 -0.108706 -2.83808 -1.26971 -1.10278 0.455484 -1.08371 -0.471309 0.19394 -0.223376 
-20.5968 -6.19673 -0.448257 -1.27824 -0.440681 -1.18176 1.74332 -1.33414 0.866318 -0.756076 -0.821125 -0.460904 -0.395396 
-13.5046 -1.19458 2.33615 -0.918414 1.18418 0.218518 0.10222 -0.740908 1.4699 0.102926 0.825267 0.17668 -0.287129 
-17.0378 -3.63692 2.79787 0.183355 -0.177115 -0.844638 0.196338 -2.05255 -0.0630789 0.193538 0.821002 -0.95061 -0.629339 
-14.1553 -1.97741 3.39997 -0.403908 -0.430741 -1.69473 -0.344356 -1.0082 -0.125852 -0.262128 0.458689 0.644228 -0.390991 
-15.6925 -1.36991 0.883198 -1.38892 1.38528 -0.318174 0.964092 -1.97712 1.72552 -0.128405 -1.39414 -0.839866 0.518428 
-15.7896 -3.85607 2.19749 1.67682 0.488581 -0.80606 1.03954 -0.684305 1.9649 0.181283 0.57535 0.159025 -0.205031 
-13.1854 -1.76172 1.70078 -2.46557 -0.375852 -0.765047 0.245541 -1.13404 -0.178091 0.31849 0.0980837 0.517143 -0.0607574 
-15.7101 -3.35125 1.39326 -0.86079 -0.424337 -1.54119 -0.116045 -1.34109 0.310247 -1.15602 -0.108138 0.0524843 0.107382 
-14.2499 -2.29419 1.51669 -0.28152 1.67486 -0.149127 0.95974 -0.197888 0.663542 0.139639 0.878008 0.0538631 0.3799 
-18.7674 -4.50269 1.55834 0.477226 2.00775 -0.789794 0.587467 -1.18494 -0.20059 -0.467022 0.551654 0.411531 -0.0535748 
-12.7039 -0.403275 2.07742 -1.23874 -0.707612 -3.05527 -0.142127 -0.268963 0.583214 -0.814761 0.168053 -0.014441 0.36065 
-21.1309 -5.84792 0.0268091 -2.25964 -1.80773 -2.31729 -0.513732 -2.65713 0.825613 -0.853877 -0.302682 -0.99806 -0.496735 
-14.0348 -0.797604 3.01632 -0.281399 1.15529 -0.436578 0.930221 -0.546047 0.559331 -0.416531 0.393139 0.196357 -0.0874131 
-15.6576 -0.926938 2.37469 -1.25761 0.921641 -1.24897 -0.41795 -0.928617 1.20724 -0.340231 0.55026 -1.16222 -0.307164 
-13.9297 -0.600084 3.39541 0.584023 0.796349 -3.34055 -1.66465 -1.32692 1.92527 0.513512 -0.940623 -0.379062 -0.680247 
-19.7934 -6.48645 -0.198707 0.656097 -1.90967 -2.76077 0.520249 -3.53359 0.303068 -0.943766 0.409314 -1.14811 -0.66758 
-16.3785 -2.70969 2.34379 1.78104 2.93179 0.200821 0.681006 -0.983152 1.60491 -0.796303 0.422153 0.382215 -0.360545 
-14.6588 -1.88461 4.07051 0.598116 -0.207855 -2.54968 0.290044 0.34199 0.508544 -0.00942036 -0.674645 -0.197868 0.493816 
-15.8109 -4.4451 1.51713 -0.286905 0.142247 -1.8235 -0.307652 0.36998 0.762654 -0.757419 -0.557164 -0.188428 -0.26817 
-14.3886 -1.47095 2.28352 1.46838 1.799 -1.2739 0.524643 -1.48162 0.591922 -0.597145 0.615709 0.482351 1.30002 
-17.3707 -4.05225 1.40534 -0.441029 0.205761 -0.156225 1.81811 -0.636267 1.32694 0.655 1.07563 0.035917 -0.249031 
-15.8986 -3.37164 2.1064 -1.26859 -0.894926 -2.52722 -1.02573 -1.60942 -0.0153669 0.223328 -0.26745 -0.30885 -0.684886 
-20.9149 -7.76821 -0.539857 -0.819092 -1.42297 -2.11414 1.085 -1.8089 -0.327762 -1.08809 -0.717118 0.340633 0.240203 
-15.8035 -4.73667 2.41754 1.17936 -0.750287 -0.45399 2.24847 -0.466785 0.43772 0.325065 0.693472 0.00716433 -0.734792 
-17.6526 -3.57723 1.34574 -1.71541 -0.145797 -0.799301 0.639036 -1.14478 0.905752 -0.412367 -0.609237 -1.13365 -1.35253 
-12.3657 -0.0859301 2.67551 -1.51708 -0.990557 -2.26242 0.160642 -0.60042 -0.040917 -0.664882 0.371131 -0.522564 0.295813 
-18.6552 -5.43865 1.04877 -0.208437 -0.878063 -0.592848 1.39939 -2.1614 0.349956 -0.203894 0.195825 -0.638764 0.0696951 
-16.4538 -1.59478 4.84958 1.93613 -0.0976548 -3.36086 -0.0276366 1.42289 2.17284 -0.536673 1.23054 -0.576874 -0.23195 
-15.4296 -1.71342 1.76046 -1.43373 0.0348123 -2.3844 -1.35656 -1.35356 0.51105 -1.47044 0.349034 -0.282002 -0.632258 
-14.8345 -2.24181 3.12415 -0.224743 0.0941681 -1.65448 -0.379719 -0.494995 0.667079 0.607766 0.335468 -0.845988 0.343005 
-16.6203 -3.98442 0.0054396 0.130163 0.35916 -3.86867 -1.39568 -1.71941 0.237706 -0.550885 0.823492 -1.33054 -1.05887 
-15.2006 -2.83179 1.20054 -0.0114427 1.59613 0.00346801 1.02961 -1.08845 1.22446 -0.34258 -1.0585 -1.01315 -0.0994028 
-14.3327 -2.27093 1.30691 -2.15835 -0.0473335 -2.24126 -0.61387 -0.613863 0.0301485 0.31646 -0.230212 -0.202178 0.314739 
-18.0198 -4.0509 0.699884 -2.78559 -0.248038 -1.2037 0.117597 -0.572788 0.290864 -1.26251 -0.670147 0.398899 0.387697 
-15.1985 -3.83575 0.842959 0.211102 0.20619 -0.5134 0.728668 -0.493981 1.63013 -0.741105 1.20797 -0.438496 -0.924309 
-18.0403 -3.69631 0.738886 -1.23594 0.781766 -0.679355 1.15001 -1.21092 0.0967 -0.485271 0.205171 -0.817464 0.114717 
-15.2417 -1.68757 1.64362 -1.37688 0.299444 -4.06266 -1.34202 -1.07073 0.11475 -0.346332 -1.06785 0.269254 -0.289391 
-19.927 -6.39892 0.958328 0.0305258 -0.526194 -1.64492 1.01737 -1.50898 -0.56604 -1.47359 -1.09344 -0.853675 -0.999611 
-15.0797 -4.20907 1.91943 1.01274 -0.295516 0.801231 0.84954 -2.08501 1.84958 0.270185 1.01081 -0.717603 -0.896043 
-17.4328 -3.28327 1.72636 0.339663 0.355855 -2.42433 0.108559 -1.46689 0.979525 0.0258535 0.25165 -0.619889 -0.396627 
-13.9036 -1.00743 2.76955 -1.24485 0.666445 -0.501689 -0.437399 -1.40038 1.05766 -0.0683214 -0.513234 -0.186337 -0.00584769 
-18.4339 -4.7404 1.44304 -0.421623 -0.791863 -1.4515 -0.327264 -2.20157 1.19814 -1.02279 -0.395329 -0.0863571 -0.2407 
-18.6024 -3.69637 3.09202 1.06516 1.99708 -0.741957 -0.617284 -0.486025 1.96634 -0.544862 0.16651 0.296654 0.232971 
-13.9668 -1.50333 2.70748 -1.74299 -0.930548 -1.98638 -0.136572 -0.408122 0.256613 -0.440992 -0.0409731 0.367152 0.0412497 
-15.8424 -3.43684 2.3426 -1.30382 1.60641 0.452988 0.757204 0.476415 0.033716 -0.179084 -0.492413 1.12992 0.48107 
-18.4928 -2.90588 0.535935 -2.42076 -0.14089 -1.54863 0.0455116 -2.31027 0.702346 -0.374407 0.600035 -0.420406 -0.201228 
-18.6954 -3.03903 2.08337 -1.63727 0.158672 -1.69774 0.424268 -0.904836 -0.762176 -1.0802 -0.0232941 -0.956927 0.265885 
-15.0265 -2.1775 3.26221 -0.40879 -0.677037 -2.77441 -0.790316 -1.08596 -0.188404 -0.881994 -0.594309 0.592944 0.327059 
-23.1727 -7.1914 0.445137 -1.29875 -1.21368 -1.60452 1.31509 -1.01031 0.248572 -1.08995 0.548599 -0.689753 -0.884737 
-14.3707 -1.26474 2.74989 -1.38247 1.4959 -0.350162 -0.270571 -0.151129 0.759102 0.241184 0.504233 0.0813187 -0.179794 
-19.6919 -3.07812 2.22077 -0.989833 0.951648 -1.45985 0.545711 -1.57118 -0.0257532 -0.842317 -0.369983 -0.0453828 -0.351513 
-12.9759 -0.472211 2.31123 -2.37566 0.268349 -1.72817 -1.0537 -0.497329 0.60292 -0.517461 -0.236566 0.428279 -0.362481 
-18.3422 -5.86636 1.12787 -0.640741 -0.904394 -1.62642 -0.755246 -1.57893 0.540366 -0.729183 -0.577796 -1.01228 -0.409353 
-14.2279 -2.19148 2.3295 -0.496585 -0.0659298 -0.535836 1.25446 -1.07353 0.673524 0.544993 0.600841 0.503359 -0.357158 
-13.8404 -2.70164 2.80421 -0.391104 -0.217734 -0.81281 0.0708289 -0.392791 0.504521 -0.996067 -0.944599 0.134293 -0.184083 
-17.9388 -4.97658 0.845372 -1.24696 -0.562477 -2.82587 -0.934832 -0.70455 0.0538512 -1.12061 -0.352464 -0.124134 -0.0729091 
-14.1894 -3.75848 0.347881 0.90206 0.158065 -1.87366 1.35283 -0.430711 0.616657 -0.727693 0.452605 -0.661742 -0.980821 
-19.6725 -4.1442 1.52507 -1.20479 1.46979 -0.0718063 0.55784 -1.03222 0.214825 -0.123312 0.713635 -0.626822 0.580886 
-14.8818 -2.82277 2.10144 0.0783601 0.176881 -2.16073 -0.47851 -1.69722 -1.06104 -1.014 0.291904 -0.0227294 -0.0663606 
-18.0272 -6.16957 1.0651 0.188343 -0.894736 -1.11654 0.178363 -2.15208 0.246074 -0.346441 0.508335 0.37416 -0.396496 
-14.4813 -2.11019 1.40775 1.14123 2.14187 -0.986651 0.536607 -0.853783 1.15365 -0.119501 1.45243 0.165232 -0.13824 
-19.4621 -3.97671 0.698402 -0.0655054 1.37418 -3.38298 -0.452787 -1.4151 0.471059 0.0845893 0.666437 -0.313445 -0.796723 
-13.4926 -1.11543 3.67491 -0.310933 -0.974222 -3.58876 -1.3369 -0.0555886 0.978191 -0.641958 -0.73458 -0.059339 0.376757 
-16.5319 -2.09512 1.44652 -0.494857 -0.938446 -1.77898 2.43898 -2.21829 -0.11047 -0.905889 -0.0636599 -0.402273 -0.354627 
-15.3106 -0.617022 0.725245 -0.910779 1.48115 -1.67551 0.668889 -1.01062 1.0881 -0.743431 1.43627 -0.250426 0.770807 
-14.0019 -1.4202 2.76024 -1.07555 0.725813 -1.49934 -0.683688 0.12135 1.07152 0.868527 0.788217 -0.843181 -0.5422 
-15.5361 -2.6033 2.97386 -1.30768 -0.280381 -1.89184 -0.330964 -0.593278 -0.382988 0.0368482 -0.406326 -0.153144 -0.32056 
-17.0099 -2.19352 1.01518 -1.1681 1.56202 -0.476731 0.716847 -1.75861 0.659735 -1.66458 -0.837095 0.162015 -0.343274 
-17.8086 -3.47947 2.03132 0.531726 2.05999 -0.0328296 0.866187 -1.08465 0.611617 -0.574562 0.0508899 -0.792384 -0.545051 
-12.0435 -0.490108 3.68913 -0.0446146 0.501469 -2.05016 -1.09626 -0.70677 -0.0148095 -0.500237 -0.517157 -0.138011 0.485088 
-18.4286 -3.74714 2.53755 0.0660467 1.47884 0.116389 1.05661 -0.529539 0.963152 -0.157813 0.627448 0.211446 -0.461441 
-15.6288 -3.03676 1.31719 0.257942 0.89015 -0.650907 1.88745 -0.620475 0.462877 -0.674292 -0.0743849 -0.510023 -0.481376 
-19.6531 -4.97802 0.890538 0.265345 1.43346 -1.34739 0.0577037 -2.46055 -0.996668 -1.46999 0.223618 0.128592 0.413083 
-11.5646 -0.833078 2.24036 -0.462982 -0.75277 -2.57306 0.0333548 -1.07161 0.509793 -0.132227 -0.808458 -0.458608 -0.112954 
-14.9854 -1.94649 -0.796594 -5.58718 -1.06456 -1.90094 -0.160195 -1.57045 -0.999389 -0.0700888 0.488999 -0.253842 -1.09981 
-13.8287 -1.10772 1.90452 0.148256 1.00865 -2.34955 1.2247 0.310693 0.525225 0.436724 1.17014 -0.231255 0.00861231 
-15.7144 -2.46049 0.983562 -1.91211 -0.273967 -1.25167 1.02864 -1.04722 0.511236 -0.980475 -0.380464 0.273393 -1.04386 
-13.6006 -2.52093 0.897977 -0.372002 0.513184 -1.87399 0.0578727 -1.4728 -0.542226 -0.329772 0.122518 -0.307701 0.822015 
-16.6592 -0.538985 0.24807 -3.4585 0.0863428 0.251726 3.63389 -1.03004 1.1478 -0.635484 -0.449846 -0.711908 0.741882 
-15.5861 -3.0612 2.13716 0.663438 2.24578 -0.469769 0.205435 0.0771121 0.492328 -0.537948 0.626299 -0.00265908 0.574465 
-12.0859 -0.640867 1.93289 -1.32483 -0.665668 -1.46533 1.01569 -0.558705 0.746028 -0.208446 0.112313 -0.0743248 -0.284262 
-14.7007 -4.06496 0.364474 1.38639 -0.135545 -2.14857 0.770145 -0.921389 1.205 -0.857638 1.60928 0.661774 -0.610495 
-15.2173 -2.6316 1.70118 0.604284 0.741315 -2.26404 0.317642 -0.596362 0.239021 -0.821126 0.169266 -1.20714 -0.909925 
-17.6225 -3.08557 1.22709 -1.248 0.558175 -0.946299 1.97841 -0.177676 0.278332 -0.967307 -0.384219 -0.563254 -0.73053 
-12.7755 -0.158512 3.81567 -1.42158 0.140936 -1.73275 -1.02102 0.0964066 0.149414 -0.753552 0.163752 -0.150285 -0.459155 
-17.1063 -6.07855 -0.428507 0.514183 0.136365 -1.99381 0.675784 -1.37771 -0.31114 -1.45011 -1.05466 -0.245295 0.43848 
-14.9564 -2.4273 2.49609 -0.048642 -1.38756 -1.94452 1.90158 -0.2804 0.322978 -0.914132 0.0971993 -0.0889099 -0.37683 
-17.9972 -2.60242 2.07657 1.43933 1.62117 -2.17987 0.83379 -1.84479 0.0253705 -1.41739 0.0126881 -0.0697321 -0.219448 
-14.6724 0.260133 3.78248 -0.905294 1.78408 -1.99005 -0.72203 -1.3068 -0.260151 0.249199 -0.408339 0.175801 -0.147257 
-19.5545 -3.93893 2.30994 -0.26023 0.382548 -1.72006 -0.1027 -1.52485 0.417325 -0.49075 -0.00387036 -1.05104 -0.190528 