387
No
Phillip
-30.671 -1.65526 2.86238 -2.48314 2.18078 -2.3723 1.36838 -3.70656 -0.748174 -2.69688 0.978549 -0.428652 -0.431871 
-32.6888 -2.16507 2.6702 -2.51413 3.02348 -1.75464 2.3713 -2.30641 0.44398 -2.82756 -0.876031 -2.5522 -0.333404 
-30.9514 -1.47547 2.75476 -3.13254 1.91574 -3.02348 1.64572 -2.1009 0.521021 -2.03056 -0.112037 -1.08379 1.14858 
-29.7278 -1.87084 1.67624 -4.50715 -0.203214 -3.93542 1.75827 -3.1873 0.601968 -0.692072 -0.606019 -1.01202 -0.120258 
-51.4511 -7.54596 -1.25061 -8.69945 -0.397213 -6.97438 -0.467279 -6.12451 -0.43113 -4.51036 -0.350482 -1.81359 0.449704 
-102.9 -20.9068 -2.17315 -15.4711 -1.99852 -13.3198 -1.71389 -10.7108 -1.37933 -7.54998 -0.822291 -3.79738 -0.119716 
-169.581 -31.0907 -2.17315 -25.0631 -1.99852 -21.7625 -1.71389 -17.5135 -1.37933 -12.3174 -0.822291 -6.25244 -0.119716 
-236.263 -41.2746 -2.17315 -34.6551 -1.99852 -30.2052 -1.71389 -24.3163 -1.37933 -17.0849 -0.822291 -8.7075 -0.119716 
-302.944 -51.4584 -2.17315 -44.2471 -1.99852 -38.6479 -1.71389 -31.119 -1.37933 -21.8523 -0.822291 -11.1626 -0.119716 
-369.625 -61.6423 -2.17315 -53.8391 -1.99852 -47.0906 -1.71389 -37.9218 -1.37933 -26.6197 -0.822291 -13.6176 -0.119716 
-436.306 -71.8262 -2.17315 -63.4311 -1.99852 -55.5333 -1.71389 -44.7245 -1.37933 -31.3872 -0.822291 -16.0727 -0.119716 
-502.988 -82.01 -2.17315 -73.0232 -1.99852 -63.976 -1.71389 -51.5273 -1.37933 -36.1546 -0.822291 -18.5277 -0.119716 
-569.669 -92.1939 -2.17315 -82.6152 -1.99852 -72.4187 -1.71389 -58.33 -1.37933 -40.922 -0.822291 -20.9828 -0.119716 
-636.35 -102.378 -2.17315 -92.2072 -1.99852 -80.8614 -1.71389 -65.1328 -1.37933 -45.6895 -0.822291 -23.4378 -0.119716 
-703.032 -112.562 -2.17315 -101.799 -1.99852 -89.3042 -1.71389 -71.9355 -1.37933 -50.4569 -0.822291 -25.8929 -0.119716 
-769.713 -122.745 -2.17315 -111.391 -1.99852 -97.7469 -1.71389 -78.7383 -1.37933 -55.2243 -0.822291 -28.348 -0.119716 
-836.394 -132.929 -2.17315 -120.983 -1.99852 -106.19 -1.71389 -85.541 -1.37933 -59.9918 -0.822291 -30.803 -0.119716 
-903.075 -143.113 -2.17315 -130.575 -1.99852 -114.632 -1.71389 -92.3438 -1.37933 -64.7592 -0.822291 -33.2581 -0.119716 
-969.757 -153.297 -2.17315 -140.167 -1.99852 -123.075 -1.71389 -99.1465 -1.37933 -69.5267 -0.822291 -35.7131 -0.119716 
-1036.44 -163.481 -2.17315 -149.759 -1.99852 -131.518 -1.71389 -105.949 -1.37933 -74.2941 -0.822291 -38.1682 -0.119716 
-1103.12 -173.665 -2.17315 -159.351 -1.99852 -139.96 -1.71389 -112.752 -1.37933 -79.0615 -0.822291 -40.6232 -0.119716 
-1169.8 -183.849 -2.17315 -168.943 -1.99852 -148.403 -1.71389 -119.555 -1.37933 -83.829 -0.822291 -43.0783 -0.119716 
-1236.48 -194.032 -2.17315 -178.535 -1.99852 -156.846 -1.71389 -126.358 -1.37933 -88.5964 -0.822291 -45.5334 -0.119716 
-1303.16 -204.216 -2.17315 -188.127 -1.99852 -165.289 -1.71389 -133.16 -1.37933 -93.3638 -0.822291 -47.9884 -0.119716 
-1369.84 -214.4 -2.17315 -197.719 -1.99852 -173.731 -1.71389 -139.963 -1.37933 -98.1313 -0.822291 -50.4435 -0.119716 
-1436.53 -224.584 -2.17315 -207.311 -1.99852 -182.174 -1.71389 -146.766 -1.37933 -102.899 -0.822291 -52.8985 -0.119716 
-1503.21 -234.768 -2.17315 -216.903 -1.99852 -190.617 -1.71389 -153.569 -1.37933 -107.666 -0.822291 -55.3536 -0.119716 
-1569.89 -244.952 -2.17315 -226.495 -1.99852 -199.059 -1.71389 -160.371 -1.37933 -112.434 -0.822291 -57.8087 -0.119716 
-1636.57 -255.136 -2.17315 -236.087 -1.99852 -207.502 -1.71389 -167.174 -1.37933 -117.201 -0.822291 -60.2637 -0.119716 
-1703.25 -265.32 -2.17315 -245.679 -1.99852 -215.945 -1.71389 -173.977 -1.37933 -121.968 -0.822291 -62.7188 -0.119716 
-1769.93 -275.503 -2.17315 -255.271 -1.99852 -224.388 -1.71389 -180.78 -1.37933 -126.736 -0.822291 -65.1738 -0.119716 
-1836.61 -285.687 -2.17315 -264.863 -1.99852 -232.83 -1.71389 -187.582 -1.37933 -131.503 -0.822291 -67.6289 -0.119716 
-1903.29 -295.871 -2.17315 -274.455 -1.99852 -241.273 -1.71389 -194.385 -1.37933 -136.271 -0.822291 -70.0839 -0.119716 
-1969.98 -306.055 -2.17315 -284.047 -1.99852 -249.716 -1.71389 -201.188 -1.37933 -141.038 -0.822291 -72.539 -0.119716 
-2036.66 -316.239 -2.17315 -293.639 -1.99852 -258.158 -1.71389 -207.991 -1.37933 -145.806 -0.822291 -74.9941 -0.119716 
-2103.34 -326.423 -2.17315 -303.231 -1.99852 -266.601 -1.71389 -214.793 -1.37933 -150.573 -0.822291 -77.4491 -0.119716 
-2170.02 -336.607 -2.17315 -312.823 -1.99852 -275.044 -1.71389 -221.596 -1.37933 -155.341 -0.822291 -79.9042 -0.119716 
-2236.7 -346.79 -2.17315 -322.415 -1.99852 -283.487 -1.71389 -228.399 -1.37933 -160.108 -0.822291 -82.3592 -0.119716 
-2303.38 -356.974 -2.17315 -332.007 -1.99852 -291.929 -1.71389 -235.202 -1.37933 -164.875 -0.822291 -84.8143 -0.119716 
-2370.06 -367.158 -2.17315 -341.6 -1.99852 -300.372 -1.71389 -242.004 -1.37933 -169.643 -0.822291 -87.2693 -0.119716 
-2436.74 -377.342 -2.17315 -351.192 -1.99852 -308.815 -1.71389 -248.807 -1.37933 -174.41 -0.822291 -89.7244 -0.119716 
-2503.43 -387.526 -2.17315 -360.784 -1.99852 -317.257 -1.71389 -255.61 -1.37933 -179.178 -0.822291 -92.1795 -0.119716 
-2570.11 -397.71 -2.17315 -370.376 -1.99852 -325.7 -1.71389 -262.413 -1.37933 -183.945 -0.822291 -94.6345 -0.119716 
-2636.79 -407.894 -2.17315 -379.968 -1.99852 -334.143 -1.71389 -269.215 -1.37933 -188.713 -0.822291 -97.0896 -0.119716 
-2703.47 -418.077 -2.17315 -389.56 -1.99852 -342.585 -1.71389 -276.018 -1.37933 -193.48 -0.822291 -99.5446 -0.119716 
-2770.15 -428.261 -2.17315 -399.152 -1.99852 -351.028 -1.71389 -282.821 -1.37933 -198.247 -0.822291 -102 -0.119716 
-2836.83 -438.445 -2.17315 -408.744 -1.99852 -359.471 -1.71389 -289.623 -1.37933 -203.015 -0.822291 -104.455 -0.119716 
-2903.51 -448.629 -2.17315 -418.336 -1.99852 -367.914 -1.71389 -296.426 -1.37933 -207.782 -0.822291 -106.91 -0.119716 
-2970.2 -458.813 -2.17315 -427.928 -1.99852 -376.356 -1.71389 -303.229 -1.37933 -212.55 -0.822291 -109.365 -0.119716 
-3036.88 -468.997 -2.17315 -437.52 -1.99852 -384.799 -1.71389 -310.032 -1.37933 -217.317 -0.822291 -111.82 -0.119716 
-3103.56 -479.181 -2.17315 -447.112 -1.99852 -393.242 -1.71389 -316.834 -1.37933 -222.085 -0.822291 -114.275 -0.119716 
-3170.24 -489.364 -2.17315 -456.704 -1.99852 -401.684 -1.71389 -323.637 -1.37933 -226.852 -0.822291 -116.73 -0.119716 
-3236.92 -499.548 -2.17315 -466.296 -1.99852 -410.127 -1.71389 -330.44 -1.37933 -231.619 -0.822291 -119.185 -0.119716 
-3303.6 -509.732 -2.17315 -475.888 -1.99852 -418.57 -1.71389 -337.243 -1.37933 -236.387 -0.822291 -121.64 -0.119716 
-3370.28 -519.916 -2.17315 -485.48 -1.99852 -427.013 -1.71389 -344.045 -1.37933 -241.154 -0.822291 -124.095 -0.119716 
-3436.96 -530.1 -2.17315 -495.072 -1.99852 -435.455 -1.71389 -350.848 -1.37933 -245.922 -0.822291 -126.55 -0.119716 
-3503.65 -540.284 -2.17315 -504.664 -1.99852 -443.898 -1.71389 -357.651 -1.37933 -250.689 -0.822291 -129.005 -0.119716 
-3570.33 -550.468 -2.17315 -514.256 -1.99852 -452.341 -1.71389 -364.454 -1.37933 -255.457 -0.822291 -131.46 -0.119716 
-3637.01 -560.652 -2.17315 -523.848 -1.99852 -460.783 -1.71389 -371.256 -1.37933 -260.224 -0.822291 -133.915 -0.119716 
-3703.69 -570.835 -2.17315 -533.44 -1.99852 -469.226 -1.71389 -378.059 -1.37933 -264.992 -0.822291 -136.371 -0.119716 
-3770.37 -581.019 -2.17315 -543.032 -1.99852 -477.669 -1.71389 -384.862 -1.37933 -269.759 -0.822291 -138.826 -0.119716 
-3837.05 -591.203 -2.17315 -552.624 -1.99852 -486.112 -1.71389 -391.665 -1.37933 -274.526 -0.822291 -141.281 -0.119716 
-3903.73 -601.387 -2.17315 -562.216 -1.99852 -494.554 -1.71389 -398.467 -1.37933 -279.294 -0.822291 -143.736 -0.119716 
-3970.41 -611.571 -2.17315 -571.808 -1.99852 -502.997 -1.71389 -405.27 -1.37933 -284.061 -0.822291 -146.191 -0.119716 
-4037.1 -621.755 -2.17315 -581.4 -1.99852 -511.44 -1.71389 -412.073 -1.37933 -288.829 -0.822291 -148.646 -0.119716 
-4103.78 -631.939 -2.17315 -590.992 -1.99852 -519.882 -1.71389 -418.876 -1.37933 -293.596 -0.822291 -151.101 -0.119716 
-4170.46 -642.122 -2.17315 -600.584 -1.99852 -528.325 -1.71389 -425.678 -1.37933 -298.364 -0.822291 -153.556 -0.119716 
-4237.14 -652.306 -2.17315 -610.176 -1.99852 -536.768 -1.71389 -432.481 -1.37933 -303.131 -0.822291 -156.011 -0.119716 
-4303.82 -662.49 -2.17315 -619.768 -1.99852 -545.211 -1.71389 -439.284 -1.37933 -307.898 -0.822291 -158.466 -0.119716 
-4370.5 -672.674 -2.17315 -629.36 -1.99852 -553.653 -1.71389 -446.087 -1.37933 -312.666 -0.822291 -160.921 -0.119716 
-4437.18 -682.858 -2.17315 -638.952 -1.99852 -562.096 -1.71389 -452.889 -1.37933 -317.433 -0.822291 -163.376 -0.119716 
-4503.86 -693.042 -2.17315 -648.544 -1.99852 -570.539 -1.71389 -459.692 -1.37933 -322.201 -0.822291 -165.831 -0.119716 
-4570.55 -703.226 -2.17315 -658.136 -1.99852 -578.981 -1.71389 -466.495 -1.37933 -326.968 -0.822291 -168.286 -0.119716 
-4637.23 -713.409 -2.17315 -667.728 -1.99852 -587.424 -1.71389 -473.298 -1.37933 -331.736 -0.822291 -170.741 -0.119716 
-4703.91 -723.593 -2.17315 -677.32 -1.99852 -595.867 -1.71389 -480.1 -1.37933 -336.503 -0.822291 -173.196 -0.119716 
-4770.59 -733.777 -2.17315 -686.912 -1.99852 -604.31 -1.71389 -486.903 -1.37933 -341.271 -0.822291 -175.651 -0.119716 
-4837.27 -743.961 -2.17315 -696.504 -1.99852 -612.752 -1.71389 -493.706 -1.37933 -346.038 -0.822291 -178.106 -0.119716 
-4903.95 -754.145 -2.17315 -706.096 -1.99852 -621.195 -1.71389 -500.509 -1.37933 -350.805 -0.822291 -180.562 -0.119716 
-4970.63 -764.329 -2.17315 -715.688 -1.99852 -629.638 -1.71389 -507.311 -1.37933 -355.573 -0.822291 -183.017 -0.119716 
-5037.31 -774.513 -2.17315 -725.28 -1.99852 -638.08 -1.71389 -514.114 -1.37933 -360.34 -0.822291 -185.472 -0.119716 
-5104 -784.696 -2.17315 -734.872 -1.99852 -646.523 -1.71389 -520.917 -1.37933 -365.108 -0.822291 -187.927 -0.119716 
-5170.68 -794.88 -2.17315 -744.464 -1.99852 -654.966 -1.71389 -527.72 -1.37933 -369.875 -0.822291 -190.382 -0.119716 
-5237.36 -805.064 -2.17315 -754.056 -1.99852 -663.408 -1.71389 -534.522 -1.37933 -374.643 -0.822291 -192.837 -0.119716 
-5304.04 -815.248 -2.17315 -763.648 -1.99852 -671.851 -1.71389 -541.325 -1.37933 -379.41 -0.822291 -195.292 -0.119716 
-5370.72 -825.432 -2.17315 -773.24 -1.99852 -680.294 -1.71389 -548.128 -1.37933 -384.177 -0.822291 -197.747 -0.119716 
-5437.4 -835.616 -2.17315 -782.832 -1.99852 -688.737 -1.71389 -554.931 -1.37933 -388.945 -0.822291 -200.202 -0.119716 
-5504.08 -845.8 -2.17315 -792.424 -1.99852 -697.179 -1.71389 -561.733 -1.37933 -393.712 -0.822291 -202.657 -0.119716 
-5570.77 -855.984 -2.17315 -802.016 -1.99852 -705.622 -1.71389 -568.536 -1.37933 -398.48 -0.822291 -205.112 -0.119716 
-5637.45 -866.167 -2.17315 -811.608 -1.99852 -714.065 -1.71389 -575.339 -1.37933 -403.247 -0.822291 -207.567 -0.119716 
-5704.13 -876.351 -2.17315 -821.2 -1.99852 -722.507 -1.71389 -582.142 -1.37933 -408.015 -0.822291 -210.022 -0.119716 
-5770.81 -886.535 -2.17315 -830.792 -1.99852 -730.95 -1.71389 -588.944 -1.37933 -412.782 -0.822291 -212.477 -0.119716 
-5837.49 -896.719 -2.17315 -840.384 -1.99852 -739.393 -1.71389 -595.747 -1.37933 -417.55 -0.822291 -214.932 -0.119716 
-5904.17 -906.903 -2.17315 -849.976 -1.99852 -747.836 -1.71389 -602.55 -1.37933 -422.317 -0.822291 -217.387 -0.119716 
-5970.85 -917.087 -2.17315 -859.568 -1.99852 -756.278 -1.71389 -609.353 -1.37933 -427.084 -0.822291 -219.842 -0.119716 
-6037.53 -927.271 -2.17315 -869.16 -1.99852 -764.721 -1.71389 -616.155 -1.37933 -431.852 -0.822291 -222.298 -0.119716 
-6104.22 -937.454 -2.17315 -878.752 -1.99852 -773.164 -1.71389 -622.958 -1.37933 -436.619 -0.822291 -224.753 -0.119716 
-48.2719 -22.8016 -4.21762 -5.58515 -7.15219 -6.60812 -4.13107 -5.25962 -1.86345 -4.55288 -2.02139 -2.20931 0.0265349 
-59.7863 -26.0604 -6.42703 -9.44858 -6.61816 -6.33725 -4.22698 -7.10228 -2.62652 -4.65236 -1.95619 -2.41493 -0.2235 
-80.4443 -22.1415 -3.51209 -11.5214 -3.36975 -10.7551 -2.63324 -8.21655 -2.24534 -5.79448 -1.46965 -2.82201 -0.309211 
-145.557 -27.4215 -2.17315 -21.6072 -1.99852 -18.7206 -1.71389 -15.0626 -1.37933 -10.5997 -0.822291 -5.3679 -0.119716 
-212.238 -37.6054 -2.17315 -31.1992 -1.99852 -27.1633 -1.71389 -21.8653 -1.37933 -15.3672 -0.822291 -7.82296 -0.119716 
-278.919 -47.7893 -2.17315 -40.7912 -1.99852 -35.606 -1.71389 -28.6681 -1.37933 -20.1346 -0.822291 -10.278 -0.119716 
-345.6 -57.9731 -2.17315 -50.3832 -1.99852 -44.0488 -1.71389 -35.4708 -1.37933 -24.9021 -0.822291 -12.7331 -0.119716 
-412.282 -68.157 -2.17315 -59.9752 -1.99852 -52.4915 -1.71389 -42.2735 -1.37933 -29.6695 -0.822291 -15.1881 -0.119716 
-478.963 -78.3408 -2.17315 -69.5672 -1.99852 -60.9342 -1.71389 -49.0763 -1.37933 -34.4369 -0.822291 -17.6432 -0.119716 
-545.644 -88.5247 -2.17315 -79.1592 -1.99852 -69.3769 -1.71389 -55.879 -1.37933 -39.2044 -0.822291 -20.0982 -0.119716 
-612.326 -98.7086 -2.17315 -88.7512 -1.99852 -77.8196 -1.71389 -62.6818 -1.37933 -43.9718 -0.822291 -22.5533 -0.119716 
-679.007 -108.892 -2.17315 -98.3433 -1.99852 -86.2623 -1.71389 -69.4845 -1.37933 -48.7392 -0.822291 -25.0084 -0.119716 
-745.688 -119.076 -2.17315 -107.935 -1.99852 -94.705 -1.71389 -76.2873 -1.37933 -53.5067 -0.822291 -27.4634 -0.119716 
-812.369 -129.26 -2.17315 -117.527 -1.99852 -103.148 -1.71389 -83.09 -1.37933 -58.2741 -0.822291 -29.9185 -0.119716 
-879.051 -139.444 -2.17315 -127.119 -1.99852 -111.59 -1.71389 -89.8928 -1.37933 -63.0415 -0.822291 -32.3735 -0.119716 
-945.732 -149.628 -2.17315 -136.711 -1.99852 -120.033 -1.71389 -96.6955 -1.37933 -67.809 -0.822291 -34.8286 -0.119716 
-1012.41 -159.812 -2.17315 -146.303 -1.99852 -128.476 -1.71389 -103.498 -1.37933 -72.5764 -0.822291 -37.2837 -0.119716 
-1079.09 -169.996 -2.17315 -155.895 -1.99852 -136.919 -1.71389 -110.301 -1.37933 -77.3439 -0.822291 -39.7387 -0.119716 
-1145.78 -180.179 -2.17315 -165.487 -1.99852 -145.361 -1.71389 -117.104 -1.37933 -82.1113 -0.822291 -42.1938 -0.119716 
-1212.46 -190.363 -2.17315 -175.079 -1.99852 -153.804 -1.71389 -123.907 -1.37933 -86.8787 -0.822291 -44.6488 -0.119716 
-1279.14 -200.547 -2.17315 -184.671 -1.99852 -162.247 -1.71389 -130.709 -1.37933 -91.6462 -0.822291 -47.1039 -0.119716 
-1345.82 -210.731 -2.17315 -194.263 -1.99852 -170.689 -1.71389 -137.512 -1.37933 -96.4136 -0.822291 -49.5589 -0.119716 
-1412.5 -220.915 -2.17315 -203.855 -1.99852 -179.132 -1.71389 -144.315 -1.37933 -101.181 -0.822291 -52.014 -0.119716 
-1479.18 -231.099 -2.17315 -213.447 -1.99852 -187.575 -1.71389 -151.118 -1.37933 -105.948 -0.822291 -54.4691 -0.119716 
-1545.86 -241.283 -2.17315 -223.039 -1.99852 -196.018 -1.71389 -157.92 -1.37933 -110.716 -0.822291 -56.9241 -0.119716 
-1612.54 -251.466 -2.17315 -232.631 -1.99852 -204.46 -1.71389 -164.723 -1.37933 -115.483 -0.822291 -59.3792 -0.119716 
-1679.23 -261.65 -2.17315 -242.223 -1.99852 -212.903 -1.71389 -171.526 -1.37933 -120.251 -0.822291 -61.8342 -0.119716 
-1745.91 -271.834 -2.17315 -251.815 -1.99852 -221.346 -1.71389 -178.329 -1.37933 -125.018 -0.822291 -64.2893 -0.119716 
-1812.59 -282.018 -2.17315 -261.407 -1.99852 -229.788 -1.71389 -185.131 -1.37933 -129.786 -0.822291 -66.7443 -0.119716 
-1879.27 -292.202 -2.17315 -270.999 -1.99852 -238.231 -1.71389 -191.934 -1.37933 -134.553 -0.822291 -69.1994 -0.119716 
-1945.95 -302.386 -2.17315 -280.592 -1.99852 -246.674 -1.71389 -198.737 -1.37933 -139.321 -0.822291 -71.6545 -0.119716 
-2012.63 -312.57 -2.17315 -290.184 -1.99852 -255.117 -1.71389 -205.54 -1.37933 -144.088 -0.822291 -74.1095 -0.119716 
-2079.31 -322.754 -2.17315 -299.776 -1.99852 -263.559 -1.71389 -212.342 -1.37933 -148.855 -0.822291 -76.5646 -0.119716 
-2146 -332.937 -2.17315 -309.368 -1.99852 -272.002 -1.71389 -219.145 -1.37933 -153.623 -0.822291 -79.0196 -0.119716 
-2212.68 -343.121 -2.17315 -318.96 -1.99852 -280.445 -1.71389 -225.948 -1.37933 -158.39 -0.822291 -81.4747 -0.119716 
-2279.36 -353.305 -2.17315 -328.552 -1.99852 -288.887 -1.71389 -232.751 -1.37933 -163.158 -0.822291 -83.9297 -0.119716 
-2346.04 -363.489 -2.17315 -338.144 -1.99852 -297.33 -1.71389 -239.553 -1.37933 -167.925 -0.822291 -86.3848 -0.119716 
-2412.72 -373.673 -2.17315 -347.736 -1.99852 -305.773 -1.71389 -246.356 -1.37933 -172.693 -0.822291 -88.8399 -0.119716 
-2479.4 -383.857 -2.17315 -357.328 -1.99852 -314.215 -1.71389 -253.159 -1.37933 -177.46 -0.822291 -91.2949 -0.119716 
-2546.08 -394.041 -2.17315 -366.92 -1.99852 -322.658 -1.71389 -259.962 -1.37933 -182.227 -0.822291 -93.75 -0.119716 
-2612.76 -404.224 -2.17315 -376.512 -1.99852 -331.101 -1.71389 -266.764 -1.37933 -186.995 -0.822291 -96.205 -0.119716 
-2679.45 -414.408 -2.17315 -386.104 -1.99852 -339.544 -1.71389 -273.567 -1.37933 -191.762 -0.822291 -98.6601 -0.119716 
-2746.13 -424.592 -2.17315 -395.696 -1.99852 -347.986 -1.71389 -280.37 -1.37933 -196.53 -0.822291 -101.115 -0.119716 
-2812.81 -434.776 -2.17315 -405.288 -1.99852 -356.429 -1.71389 -287.173 -1.37933 -201.297 -0.822291 -103.57 -0.119716 
-2879.49 -444.96 -2.17315 -414.88 -1.99852 -364.872 -1.71389 -293.975 -1.37933 -206.065 -0.822291 -106.025 -0.119716 
-2946.17 -455.144 -2.17315 -424.472 -1.99852 -373.314 -1.71389 -300.778 -1.37933 -210.832 -0.822291 -108.48 -0.119716 
-49.5839 -6.36358 0.0536649 -8.81049 -0.742804 -5.78418 -0.654217 -5.81812 0.28272 -4.3929 0.0118847 -2.0425 0.154405 
-27.7135 -1.79066 1.52194 -4.17327 0.888709 -1.58173 0.647698 -3.85037 -0.566518 -3.07964 0.474253 -1.13208 0.200452 
-39.1531 -4.07616 1.2344 -5.73547 -0.153977 -5.71174 -0.262128 -4.30281 -0.00714332 -3.12306 0.0205367 -1.14534 0.15546 
-44.2595 -4.75056 2.91924 -4.26359 -0.58753 -6.09597 0.0798769 -5.12207 0.633826 -2.86432 0.563084 -3.04241 0.173894 
-27.3975 -0.503987 8.71554 1.61368 0.491482 -3.21588 1.04947 -2.16557 -0.486735 -1.56362 0.684366 -0.289999 1.48783 
-28.3621 -1.0998 7.6082 -0.776883 0.0197501 -2.85789 -0.055921 -1.85662 0.460937 -1.97747 -0.079319 -0.787504 0.62873 
-29.6511 -2.26554 4.73669 1.87562 4.66727 -3.57491 2.23611 -0.948013 -0.660475 -2.66936 -1.52063 -0.0986039 0.0360243 
-31.5516 -1.16211 4.88993 0.494161 1.79023 -3.61067 2.27068 -3.76798 0.224693 -2.17335 0.424438 -0.732148 0.979166 
-28.5958 -0.592297 6.89362 -1.20134 1.24142 -1.71352 -0.544851 -2.02662 1.69465 -2.76009 0.542307 0.0579058 0.19941 
-28.5772 -0.727747 5.7416 -0.0422414 0.574167 -2.2655 0.56057 -3.34018 2.15542 -2.49777 0.297692 -1.47937 0.82711 
-25.9601 -0.568027 4.61348 -0.0611519 2.44305 -3.2156 1.91077 -2.2963 -1.1947 -1.27488 -0.200411 -0.981808 0.325971 
-26.5793 -0.692281 2.26279 -3.89279 -0.342492 -4.44225 1.78524 -3.34181 -0.684458 -0.151908 0.261437 -0.351951 0.0159192 
-26.3509 -0.293281 8.30001 0.438899 0.247795 -2.68051 0.368125 -1.67918 0.220102 -2.4722 0.551607 0.169606 -0.0625532 
-27.9506 -0.927772 5.71839 -0.580259 0.621519 -1.53023 1.44574 -2.66073 1.75272 -2.03125 -0.129717 -1.45752 0.505049 
-28.869 -1.39278 7.113 2.19336 1.99788 -1.94083 0.801936 -2.68578 -0.0476067 -3.83834 1.3456 -0.642072 0.508688 
-27.0732 -1.82228 2.68156 -3.31474 -0.377805 -5.09896 0.899862 -2.05968 -0.978798 -0.648487 0.322678 -0.700802 0.79609 
-24.833 -0.43962 5.68326 0.0645381 1.70345 -2.01372 -0.0398667 -2.28265 -0.101276 -3.15655 0.699129 -0.383699 1.02678 
-26.8995 -0.870583 4.92771 0.623918 2.926 -0.804818 1.3735 -2.65152 1.62017 -2.34523 0.163643 -1.15634 -0.00149041 
-23.9026 -0.285395 4.01571 -0.79162 2.9382 -2.54483 -0.862689 -2.6412 1.11149 -1.48172 -0.456446 -0.363328 -0.149223 
-27.8833 -1.02993 4.79002 0.625735 1.86836 -2.36795 0.720232 -5.58598 0.094847 -0.894145 0.942541 -0.593668 0.508963 
-24.9605 -0.814018 5.5694 0.365752 2.01914 -1.3228 1.37271 -2.63861 -0.00260816 -1.62192 -0.274955 -0.964035 0.559138 
-28.0515 -1.04608 5.7728 0.0809229 1.54408 -0.827541 2.61034 -2.00578 0.637637 -3.3323 -0.371171 -1.70031 -0.501355 
-26.4918 -1.23044 1.8693 -4.13356 2.47404 -4.7164 -2.87047 -1.96097 0.0141322 -1.74682 0.0807551 -0.958159 0.355086 
-25.47 -0.215972 6.07385 0.403596 0.700074 -2.5733 1.25511 -3.71448 -0.240867 -1.60976 0.457108 -0.211776 0.300967 
-28.447 -0.966349 7.93365 1.96487 0.851928 -1.14454 2.21747 -3.59525 -1.02172 -2.9471 2.08818 -0.103509 0.859947 
-26.5393 -1.62059 4.60514 1.27199 2.26114 -2.20118 0.651041 -2.76884 1.05311 -3.16071 -0.282072 -0.90142 0.489763 
-28.1241 -3.835 2.58625 -2.03098 -0.0940383 -4.19067 -1.90881 -2.73085 0.442825 -2.68246 0.882245 -1.11279 0.164981 
-25.9033 -0.0347343 6.80061 0.271477 0.684996 -2.06552 0.238523 -2.42744 0.342932 -3.21112 1.50662 -0.896058 0.311526 
-27.8727 -0.589984 7.90553 0.411054 1.25367 -1.18315 1.01885 -1.81004 0.295018 -2.49109 1.54239 -0.543115 0.085953 
-28.0332 -1.66348 3.08418 -0.73851 3.25534 -2.40548 0.675183 -3.0057 -0.992658 -2.27468 1.43736 -1.31703 0.011907 
-27.214 -0.999785 5.15054 0.226449 2.01492 -1.97309 -0.0461426 -4.60358 -0.153081 -1.82401 1.60099 -0.220162 0.150249 
-28.3718 -1.0951 9.30245 -0.303584 1.48928 -0.238972 -0.57803 -2.29353 -0.130135 -1.55336 0.6327 -1.36032 -0.154751 
-28.0439 -0.824999 5.56421 0.0958918 1.57715 -1.18658 3.28713 -2.84143 -0.572507 -2.12309 0.636206 -1.46788 -0.546845 
-27.9454 -2.17761 0.405571 -3.56134 1.98938 -4.5272 0.797948 -2.28092 -0.955158 -0.932601 1.12997 -0.550789 0.554344 
-26.9585 -0.80312 7.24308 0.514909 0.854457 -1.51756 0.930641 -4.17394 -0.400147 -0.923521 0.0937997 -1.15859 1.23198 
-28.8327 -1.04556 8.70417 1.72898 2.50844 -2.28012 0.0163579 -1.75473 -0.943195 -2.01902 1.67775 -0.868422 0.539922 
-26.8444 -1.72556 4.17543 0.105388 2.87589 -1.80218 1.14321 -3.19698 -1.01973 -1.88865 0.569706 -0.958283 0.154013 
-25.4132 -2.1922 3.04382 -0.937698 1.34917 -3.7663 0.510832 -2.64708 -0.90907 -0.557642 0.744006 -0.867718 0.432036 
-26.2364 -0.882734 7.6231 0.902087 0.625172 -2.41653 0.62962 -2.03538 -0.281117 -2.53505 0.356817 -0.529406 0.405119 
-27.0919 -0.612542 5.73648 1.41769 3.1258 -2.14439 1.01566 -2.05555 0.442308 -2.20587 1.28883 -1.13852 0.264767 
-27.8427 -1.03355 2.96712 -1.67054 3.10046 -2.79652 0.98172 -2.73015 -1.12286 -1.94982 0.942363 -1.0559 0.0436261 
-26.6138 -1.40154 4.78891 0.234041 1.59293 -2.93614 0.948097 -4.2072 -1.22474 -0.806232 0.60631 -0.957727 0.291025 
-25.1902 -1.9793 5.92217 1.77996 3.05323 -1.93675 -1.04712 -2.05792 -0.054875 -2.59134 0.641765 -0.597697 1.01588 
-27.0324 -0.893113 5.04185 -0.131672 2.46979 -1.24269 2.23919 -2.75386 -0.194925 -1.74641 -0.151439 -1.16526 -0.221525 
-28.5886 -2.84017 1.78789 -4.26071 -0.859557 -3.68913 -1.23664 -3.65478 -0.139023 -3.40022 0.896441 -0.788865 -0.213396 
-28.1622 -2.00931 5.59299 0.439166 1.0988 -2.72103 -0.410824 -2.96094 0.107301 -3.06098 1.00673 -0.932338 1.11816 
-27.0229 -1.73916 4.22839 -0.429426 3.01108 -1.23539 1.00533 -1.7198 -0.170203 -2.21586 0.543201 -1.90198 1.0057 
-30.1975 -2.14549 5.01942 3.00031 4.41992 -2.61482 0.933652 -5.33058 -0.840036 -1.30057 0.951332 -0.420613 0.300118 
-29.913 -2.76697 2.85664 -2.45331 0.0871269 -4.90736 -0.981902 -4.77903 -0.155373 -0.620076 -0.213688 -1.65579 0.59608 
-29.2134 -2.50664 4.92367 -0.163673 1.45905 -3.53893 -0.788374 -3.18625 -0.366887 -2.26691 1.31257 -0.579923 0.0681152 
-28.5254 -0.473348 2.92403 -1.66513 3.87222 -2.76068 1.68012 -1.81984 0.213862 -1.48973 -0.53985 -2.29632 0.496819 
-25.7462 -1.63936 3.2622 0.742859 0.992432 -3.37844 2.07935 -4.2235 -0.967432 -1.97487 0.62989 -0.664652 0.0496699 
-17.6346 -2.21102 1.41839 4.19874 1.90375 -2.62763 0.510179 -5.43211 0.989901 -1.00981 -0.238018 -0.756336 1.74811 
-17.7295 1.00431 4.01675 4.30998 3.72099 -2.76748 -0.123276 -5.31916 1.75902 0.78749 0.366238 -0.620596 0.602373 
-16.0766 0.444989 3.14026 3.14121 3.70935 -1.57221 -0.500992 -4.15769 1.2774 -0.526657 0.381948 -0.606406 1.30027 
-10.8083 -0.0150167 -0.0302097 2.25087 -0.667726 -3.47935 0.362111 -3.44996 1.84143 -2.50875 0.851192 -0.649593 0.190461 
-6.08444 4.07986 3.7789 5.75506 2.8126 -1.61575 0.264452 -4.85285 2.14892 0.291663 0.496871 -0.546734 1.45969 
-6.85642 4.47848 4.09585 3.75726 2.18238 -2.29919 -0.677282 -3.45814 2.69901 0.373345 0.245868 -1.07905 0.782876 
-11.4231 4.16616 1.37519 1.35239 2.78558 -3.24475 -0.384334 -4.76478 1.76626 -0.178331 0.869341 -1.02971 1.05222 
-5.80707 0.131595 -2.30389 2.59794 -1.53575 -4.62146 0.352909 -4.18446 2.10431 -1.47961 0.10218 -1.09345 0.30539 
-4.93223 4.8507 2.03239 5.14238 2.07847 -3.0035 0.344053 -4.2888 3.0279 -0.13612 1.41974 -1.35576 0.758101 
-12.14 2.77677 -0.343052 1.60971 -0.00116623 -5.79813 1.07691 -6.24622 1.24592 -0.217072 -0.620342 -0.94116 1.09509 
-7.5964 2.33367 0.521611 2.12288 1.52689 -2.57154 0.089242 -4.91215 0.754825 -0.162442 0.442475 -0.456694 0.25188 
-3.00147 2.91375 -0.092034 3.93069 -0.13432 -3.30605 0.114756 -5.12135 2.94105 -0.403843 -0.274899 -1.23861 0.138227 
-6.37548 5.46839 2.86994 3.29525 1.34879 -2.87331 0.26562 -3.86786 2.38287 -0.516892 1.62329 -1.58248 0.331698 
-11.8598 2.76689 1.18039 0.52617 0.357551 -3.27449 -0.0517953 -4.87108 1.98325 -1.53564 -0.69924 -0.388621 1.11482 
-6.55331 1.8251 -1.26429 0.477301 0.346697 -2.5732 1.03171 -5.07663 -0.571394 -1.05204 -0.145471 -0.256853 0.205073 
-4.65687 3.27767 2.33924 3.97276 0.0655347 -2.13229 0.221519 -4.8721 2.69894 0.291462 0.242651 -0.897557 0.974799 
-9.52894 3.35787 2.91668 1.59887 -2.57256 -3.84435 1.9542 -4.1557 1.16243 -0.781418 0.748296 -1.22956 0.608812 
-11.4057 2.89202 0.256759 0.386071 2.08846 -3.06937 0.0545771 -4.52752 1.00324 -1.04599 0.147902 -0.532559 0.258294 
-4.39222 4.91206 -1.92314 0.751592 0.520493 -3.04187 2.1251 -3.69199 1.10258 -2.12143 1.71858 -1.35202 0.779673 
-7.97627 5.17592 3.23927 2.13219 0.241297 -3.29265 1.84257 -3.56751 0.14278 -0.331618 1.86772 -1.26579 0.879699 
-8.54356 4.3237 0.667957 -0.822357 -0.0873874 -2.64004 0.429875 -4.71222 1.272 -1.05742 0.187605 -1.11363 0.477736 
-11.2363 4.00845 0.0480681 -0.956446 0.637208 -2.69857 0.567186 -5.37751 0.890333 -1.56524 0.866069 -0.980501 0.878385 
-3.27691 5.20722 -0.340793 0.185883 1.18332 -2.43747 1.44821 -3.45203 0.72887 -0.494795 0.533812 -0.162744 0.110193 
-11.832 4.13053 3.72038 1.06708 -0.534094 -3.38258 1.31952 -3.28858 0.945484 -1.65182 0.864723 -0.67207 1.24759 
-12.3697 2.68991 0.921713 -1.08189 -0.234729 -2.34122 0.997131 -5.06172 0.707926 -1.34737 -0.0888221 -0.373075 0.337466 
-13.4421 2.81996 0.490279 -2.89496 0.890465 -2.46226 0.794731 -3.46663 -0.579772 -1.54053 0.820678 0.0720483 -0.259766 
-4.75791 3.54909 -0.0497744 0.685147 0.170685 -1.7695 1.58427 -4.42761 0.762471 -0.451251 0.105575 -0.631275 0.252823 
-11.1907 2.17217 -0.454761 -2.19992 0.0520504 -2.22396 1.89946 -4.23463 -0.990851 -0.539747 0.165425 -0.64224 1.07624 
-14.8425 2.19593 1.29934 0.438784 0.286174 -3.47823 2.15348 -4.46451 0.376618 -0.819374 0.589468 -0.922863 0.306297 
-14.5055 0.598472 -2.95355 -4.61074 -0.93726 -2.49674 2.95275 -3.62283 -0.164144 -1.54835 -0.724454 -0.983904 -0.322262 
-8.25622 4.37271 2.49216 0.569911 0.0246092 -1.68479 0.895392 -4.62822 1.54409 -0.241332 0.99336 -0.442335 -0.107539 
-12.0003 1.96523 0.619664 -1.75223 -0.976616 -1.77152 1.76595 -4.14498 -0.618179 -1.9264 0.681409 -0.618226 0.943323 
-14.1542 3.76393 4.06873 -2.10166 -0.919724 -2.55609 2.04302 -3.413 -0.199981 -0.0925865 -0.655738 -0.00320021 0.984262 
-8.95012 2.23121 -1.04744 -2.84296 -1.74176 -2.44685 3.16997 -2.45508 0.172467 -0.613248 0.282425 -0.369762 0.0411225 
-6.36228 4.76008 3.11662 0.893059 -1.16489 -3.40218 1.0076 -3.7103 0.359977 -0.000807964 0.0963365 -1.45162 1.21128 
-15.0661 2.50025 1.89112 -0.150625 -1.14089 -4.78259 1.67474 -4.15888 -0.0667051 -1.48915 0.00161071 -0.951112 1.81322 
-12.717 4.74522 1.76063 -2.80379 -0.305736 -2.52651 0.95972 -4.60801 1.09198 -0.6626 -0.269005 -0.938686 0.812712 
-7.55935 3.61461 -0.42087 -2.94968 -1.47921 -3.60072 1.68069 -1.77553 0.378097 -0.990089 0.107574 -0.497724 0.808399 
-7.14214 5.59759 4.62138 -0.926965 -1.71479 -2.68489 1.26294 -2.36654 0.32555 0.192466 0.00959523 -1.39204 1.12921 
-16.2075 1.32573 0.864574 -1.70619 -1.37681 -3.42114 2.07081 -5.0083 -1.15701 -1.92352 0.710747 -0.351576 -0.459396 
-14.7521 4.13203 3.13547 -2.80747 -1.29449 -3.64259 1.20658 -2.61879 0.597944 -1.90987 -0.118337 -0.439008 0.223431 
-8.61715 4.14111 2.83171 -1.69588 -1.63202 -3.47372 1.10364 -0.520944 1.22211 -1.24709 0.0246515 -0.482716 0.838498 
-7.38258 6.5859 3.55459 -1.41614 -0.480557 -2.91778 1.07639 -3.08849 0.614541 0.111482 -0.0695432 -1.06762 0.797354 
-21.2211 0.570621 2.49392 -4.37048 -2.46202 -4.10359 -0.220591 -3.34934 0.337711 -2.11651 -0.0560854 -1.06729 0.0418893 
-18.5562 2.60264 2.50052 -5.22202 -3.07494 -5.34306 -0.661136 -3.90027 0.163109 -1.34364 -1.00494 -1.29708 0.946604 
-8.65934 6.00471 3.4805 -2.04813 -0.444588 -3.39484 -0.312176 -1.78108 1.54344 -0.786906 0.575837 -0.880831 -0.0738653 
-8.30561 7.67874 4.33079 -3.11065 -0.87235 -1.51144 0.571519 -3.47635 1.46721 -0.797329 0.203257 -0.666561 0.182598 
-15.2094 4.79733 1.64049 -4.47985 0.387667 -4.19803 0.779998 -2.94225 -0.899058 -0.742182 0.180809 -0.970665 1.01077 
-17.2779 3.07314 2.89847 -5.90928 -3.58899 -3.85061 0.905418 -3.24131 -0.0535937 -0.756931 -0.226596 -1.10108 0.228012 
-8.86195 6.1501 4.83958 -1.03798 -0.209605 -1.37262 0.250133 -3.23624 1.62618 -0.728476 0.785887 -0.40163 -0.395308 
-11.1851 6.73592 6.95504 -3.03835 -3.22316 -0.619293 0.94804 -4.0801 1.03561 -0.679568 1.01544 -1.26904 0.387432 
-13.4226 5.75144 0.951153 -1.87344 0.741988 -2.33315 2.51607 -5.62224 0.92452 -1.55317 0.632279 0.0913165 0.892561 
-14.8396 4.9825 1.33814 -4.20229 -1.66242 -3.91918 1.68354 -3.39155 0.355736 -1.99359 1.08126 -1.38753 0.256252 
-11.9189 5.85224 3.40274 -1.91504 1.15654 -0.717784 2.25433 -3.378 0.506957 -0.548424 0.869155 -0.975914 0.396091 
-9.99952 5.85862 4.20614 -3.78048 -2.01431 -1.32533 1.04861 -4.14187 -0.738467 0.044229 0.844928 -1.55983 1.04098 
-15.2457 2.602 3.23008 -2.69678 -0.905439 -0.0588702 2.03012 -4.38192 -0.678734 -1.2202 1.04529 -1.03193 0.638716 
-17.0071 2.26335 -0.55963 -6.52311 -4.38627 -4.97902 1.13102 -6.01246 -1.55233 -1.92005 -0.279331 -1.10454 -0.237329 
-14.9688 3.80418 1.47308 -3.69813 -0.279683 -1.24311 1.77293 -4.16289 0.348501 -0.958277 1.47336 -1.03125 0.806604 
-10.2529 4.87683 4.06582 -3.77473 -2.82322 -0.514336 1.4959 -4.21896 0.199969 -0.147903 0.281313 -1.10854 0.849265 
-21.1948 -1.56692 1.53748 -2.59946 -1.1012 -3.12572 0.88499 -2.71331 0.604539 -1.1348 -0.702068 -1.68541 0.285219 
-20.329 2.37359 1.30024 -5.41992 -2.88483 -3.19333 2.45275 -2.58775 1.82684 -2.11029 0.841318 -0.600896 0.86624 
-19.9347 2.32544 1.94985 -4.98576 -1.85909 -3.34691 0.187298 -4.95121 -1.21914 -2.81243 1.29216 -0.676306 -0.376615 
-10.3017 7.32906 5.09664 -3.24731 -0.912301 -1.14421 2.52525 -3.02369 -0.136815 0.282209 0.586954 -1.39537 0.658343 
-21.2457 -0.543347 0.402443 -4.79605 -1.11542 -2.38411 2.05681 -3.10092 0.712972 -0.17133 -0.284148 -1.20257 -0.278699 
-16.7922 4.309 4.71276 -3.36828 -2.09477 -3.36704 1.99577 -1.6973 0.546663 -1.2819 0.00739737 -1.34197 1.51673 
-20.8218 -1.75354 0.728295 -6.04245 -3.78636 -3.82791 0.349252 -4.9012 -3.05469 -1.34646 -0.114638 -0.849322 -0.4066 
-12.9573 7.10652 5.86529 -2.60946 -2.52989 -2.29647 4.10124 -2.94523 -0.245327 -0.819015 0.743905 -0.867896 0.108851 
-22.2991 -0.184882 3.23277 -4.22133 -2.53998 -2.6205 2.38899 -3.98036 -1.62835 -0.521842 -0.600856 -1.71002 0.259463 
-18.4986 3.24097 5.45688 -1.77386 -2.38518 -3.78514 2.44148 -3.11675 -0.271599 -1.40673 -0.030078 -0.263481 0.501839 
-21.6762 -1.27351 0.851553 -7.14384 -3.90391 -4.46761 -0.68748 -3.05567 -0.959185 -2.22909 -0.852514 -0.52386 0.17936 
-18.3423 5.4476 5.7595 -2.03001 -0.594492 -1.65596 4.02556 -2.94998 -0.29642 -2.07873 1.14156 -0.460351 -0.245664 
-19.9286 0.551387 2.55753 -3.50218 0.207259 -1.39254 2.00924 -3.68468 -2.06662 -1.28938 0.0717592 0.120818 0.457857 
-21.5213 1.06858 3.99034 -2.61317 -0.515144 -3.37418 0.966488 -3.25532 -1.3781 -1.12585 1.25276 -0.473603 0.0238167 
-23.9779 1.17161 3.15835 -5.32689 -2.68079 -4.59763 0.463725 -2.28444 0.707216 -2.54336 0.217519 -0.598875 0.236565 
-21.5886 0.660981 2.71501 -4.46289 0.142284 -2.06574 1.5841 -2.31619 -1.09094 -0.679138 0.190684 -1.19256 0.372213 
-20.185 1.96463 7.07124 0.171375 -0.918328 -2.67166 1.20055 -3.05636 -0.421061 -1.87101 0.67624 -0.0449513 1.20661 
-25.9145 -1.96537 2.54696 -3.68901 -2.12681 -5.96195 -1.16927 -4.49105 -1.02444 -0.984006 -1.40232 -1.97079 0.89575 
-22.3334 -1.64305 3.30949 -2.24973 -0.457885 -1.60972 1.59344 -1.70535 0.21957 -1.38371 -0.0166384 -0.827176 0.132904 
-26.8232 -3.17325 1.8105 -6.29198 -3.34915 -4.88304 -2.63993 -3.79697 -1.21413 -3.66171 -0.791251 -1.25402 -0.0498142 
-19.2551 3.79418 5.99465 -0.823999 0.687108 -3.46304 1.53037 -2.60276 -0.10583 -0.602748 0.271866 -0.541858 0.225718 
-25.3956 0.150593 2.73603 -5.29558 -2.08454 -5.4674 -0.418273 -3.4254 -1.18642 -1.9725 0.514483 -0.89713 -0.105373 
-24.1704 -2.19053 3.83068 -1.59575 -1.59107 -2.72857 1.63799 -2.5676 1.39993 -0.221915 -0.694768 -0.823398 0.702951 
-27.2691 -0.422476 5.64122 -1.69693 -0.549318 -3.41568 1.39831 -1.53951 0.350224 -2.63477 -0.164977 -1.53871 0.214963 
-20.2537 -0.469166 2.55937 -1.47347 0.667217 -1.33193 0.485419 -2.63762 0.92751 -2.16888 0.277973 -1.37581 0.301922 
-20.3559 2.84442 5.22819 -2.24128 0.497424 -2.30499 0.391312 -3.47502 -0.0734138 -0.895282 0.50424 -0.954804 0.940556 
-30.3851 -6.51958 0.680396 -3.8905 -2.52312 -5.12075 -0.49149 -3.22511 -0.295671 -2.17995 -1.58956 -1.06433 1.12082 
-24.9941 0.50611 4.55991 -0.7925 0.0227593 -1.87458 1.08666 -3.99998 1.35938 -2.43518 1.38826 -1.5324 0.326698 
-31.0755 -4.05994 0.691338 -5.094 -1.84866 -7.07264 -2.45441 -3.539 0.107193 -3.67063 -1.04686 -0.362525 -0.850022 
-18.9702 3.59594 4.51576 -2.55108 -0.245857 -3.58288 1.50223 -2.08956 0.554003 -1.60723 0.0199765 -0.165211 -0.533368 
-26.9835 -2.60761 3.71517 -3.11392 -2.00401 -4.15544 0.369597 -2.36 -0.309133 -2.14118 -0.345609 -0.837511 0.000302037 
-21.5372 2.67691 5.55757 -3.03776 -2.14602 -4.06774 1.67088 -1.62777 -0.0686004 -2.00369 0.60793 -0.941168 0.655197 
-27.2748 -1.23174 0.0991376 -4.32584 0.867012 -4.31332 0.832328 -2.5259 1.17748 -1.38563 0.843167 -0.133755 0.118838 
-25.9692 -2.20655 2.33839 -4.04476 -2.33116 -3.66779 0.663914 -3.77008 -0.392839 -1.54498 0.340187 -1.17093 -0.873465 
-21.5837 0.81897 3.33436 -2.69564 0.533959 -2.28048 1.31198 -2.75048 -0.0854543 -1.6913 -0.0460696 0.212925 0.176314 
-25.5659 -0.823405 1.45047 -6.28379 -2.30724 -4.28397 -0.538174 -3.69338 -0.37901 -2.52315 -0.33032 -1.18483 0.241357 
-22.2321 1.54273 4.70455 -4.6295 -0.783207 -1.87362 0.825096 -3.07755 -1.50211 -1.20312 0.689266 -0.901851 0.648281 
-27.8001 -5.03033 -2.48041 -5.72646 -1.93123 -3.89126 0.0504059 -3.82644 -0.828364 -4.0581 0.406425 -1.29785 0.189149 
-23.3287 -0.923738 4.22348 -3.90862 -3.4555 -3.0679 1.5748 -3.38419 -0.526471 -0.523265 0.122389 -0.756776 -0.536382 
-25.0864 -3.12192 1.66717 -1.55273 -0.526123 -2.8979 1.76716 -3.83469 0.0809803 -1.06771 -0.977774 -1.42502 0.434009 
-25.7092 0.618486 5.56973 -3.82503 -1.02006 -4.04573 0.714779 -1.9129 -0.284068 -0.784639 -0.416001 -0.654845 0.347444 
-30.5555 -3.19387 3.20607 -2.63668 0.497353 -3.67307 -0.149174 -2.3099 1.19728 -1.60717 -0.122934 -0.681535 0.821669 
-29.1322 -2.9956 -0.240356 -6.29499 0.914773 -6.92558 -3.58113 -2.73546 -0.394855 -0.888251 -0.362356 -1.32995 -0.676304 
-25.9223 -0.2444 6.12508 -1.44682 -2.19964 -5.75519 0.34379 -1.54071 0.426652 -1.70899 -0.0339011 -1.33815 0.0503203 
-32.0365 -4.36891 -2.17147 -5.45694 -0.471392 -6.32982 0.487024 -4.09462 -0.855695 -2.57565 -0.250895 -0.515574 0.582698 
-27.772 -1.64085 1.64587 -3.01318 1.96501 -2.60193 0.43083 -4.26213 -0.451347 -2.75456 -0.527516 -0.0440409 -0.295273 
-30.7158 -8.04244 -0.208965 -4.65242 -3.20629 -5.41365 -2.95169 -4.76657 0.124736 -0.901469 -0.899266 -1.82105 0.434918 
-34.8235 -4.59665 -0.325737 -7.02514 -0.918811 -4.16794 -0.681594 -4.1332 0.129309 -3.03862 -0.448757 -1.73215 0.0671774 
-28.519 -6.29693 0.719675 -5.32111 -2.07909 -3.46842 -2.01693 -2.60978 0.720496 -1.90509 -0.519685 -0.202766 -0.488681 
-40.3855 -7.78589 -1.62256 -6.99643 -1.23034 -5.84652 -0.674027 -4.48609 -0.92676 -3.38583 -0.498245 -1.78339 0.0635786 
-29.4367 -5.4244 -2.29142 -5.61811 -1.23958 -4.34208 0.829812 -1.87565 0.118216 -2.9116 0.604 -1.26719 0.222615 
-39.5275 -10.5086 -2.04556 -6.11537 -1.33635 -4.96521 -1.2033 -4.02068 -0.868573 -2.70132 -0.246274 -0.980357 0.183654 
-32.19 -4.96472 -3.45469 -4.95169 -0.710161 -5.43911 0.37036 -4.74287 0.527515 -3.73258 0.380547 -1.75992 0.254199 
-61.7705 -14.1642 -1.35459 -8.84794 -1.35175 -7.55451 -1.57119 -7.18168 -2.12404 -4.53414 -0.334063 -2.16439 -0.332328 
-42.8331 -10.2729 -1.23126 -7.54177 -2.05208 -5.2768 -1.50449 -4.78777 -1.17656 -3.08145 -0.973441 -1.54882 -0.0101634 
-46.3836 -11.0759 -1.38029 -7.47913 -1.86221 -5.95239 -1.46728 -4.95985 -1.1871 -3.48786 -0.708998 -1.72856 -0.0463421 
-84.0535 -18.0285 -2.17315 -12.76 -1.99852 -10.9335 -1.71389 -8.78808 -1.37933 -6.20253 -0.822291 -3.10349 -0.119716 
-150.735 -28.2124 -2.17315 -22.352 -1.99852 -19.3763 -1.71389 -15.5908 -1.37933 -10.97 -0.822291 -5.55855 -0.119716 
-217.416 -38.3962 -2.17315 -31.9441 -1.99852 -27.819 -1.71389 -22.3936 -1.37933 -15.7374 -0.822291 -8.01361 -0.119716 
-284.097 -48.5801 -2.17315 -41.5361 -1.99852 -36.2617 -1.71389 -29.1963 -1.37933 -20.5048 -0.822291 -10.4687 -0.119716 
-350.779 -58.764 -2.17315 -51.1281 -1.99852 -44.7044 -1.71389 -35.9991 -1.37933 -25.2723 -0.822291 -12.9237 -0.119716 
-417.46 -68.9478 -2.17315 -60.7201 -1.99852 -53.1471 -1.71389 -42.8018 -1.37933 -30.0397 -0.822291 -15.3788 -0.119716 
-484.141 -79.1317 -2.17315 -70.3121 -1.99852 -61.5898 -1.71389 -49.6046 -1.37933 -34.8071 -0.822291 -17.8338 -0.119716 
-550.823 -89.3156 -2.17315 -79.9041 -1.99852 -70.0325 -1.71389 -56.4073 -1.37933 -39.5746 -0.822291 -20.2889 -0.119716 
-617.504 -99.4994 -2.17315 -89.4961 -1.99852 -78.4752 -1.71389 -63.2101 -1.37933 -44.342 -0.822291 -22.744 -0.119716 
-684.185 -109.683 -2.17315 -99.0881 -1.99852 -86.9179 -1.71389 -70.0128 -1.37933 -49.1095 -0.822291 -25.199 -0.119716 
-750.866 -119.867 -2.17315 -108.68 -1.99852 -95.3607 -1.71389 -76.8156 -1.37933 -53.8769 -0.822291 -27.6541 -0.119716 
-817.548 -130.051 -2.17315 -118.272 -1.99852 -103.803 -1.71389 -83.6183 -1.37933 -58.6443 -0.822291 -30.1091 -0.119716 
-884.229 -140.235 -2.17315 -127.864 -1.99852 -112.246 -1.71389 -90.4211 -1.37933 -63.4118 -0.822291 -32.5642 -0.119716 
-950.91 -150.419 -2.17315 -137.456 -1.99852 -120.689 -1.71389 -97.2238 -1.37933 -68.1792 -0.822291 -35.0192 -0.119716 
-1017.59 -160.603 -2.17315 -147.048 -1.99852 -129.131 -1.71389 -104.027 -1.37933 -72.9466 -0.822291 -37.4743 -0.119716 
-67.6324 -13.34 -0.317925 -11.3372 -1.00511 -7.60859 -2.15571 -6.7584 -1.10914 -4.93121 -0.58643 -2.45128 0.0133319 
-17.5261 -4.57951 -2.17644 -4.67456 -2.18284 -1.00628 -1.04813 -4.12961 -0.143353 -1.91878 -0.334264 -1.52798 0.437057 
-22.9145 -2.97649 0.30429 -0.365516 4.38932 -0.629468 -0.118504 -4.15094 -1.22708 -1.73053 0.753734 -1.26787 0.986829 
-25.4356 -1.64635 3.53217 -0.575502 3.48532 -1.80482 1.34734 -1.46303 -1.09185 -1.60121 0.482875 -1.12735 0.00683471 
-28.0273 -3.84334 -0.987816 -6.40866 1.2083 -2.50518 -0.170018 -3.63881 0.180564 0.325331 -0.821032 -0.0880719 0.5526 
-28.022 -2.60941 1.60924 -3.51367 -0.165658 -3.60104 2.06017 -1.64629 -0.220006 -2.3895 -0.452036 -1.20442 0.0722844 
-32.2681 -5.7691 1.48554 -4.89192 -1.85859 -4.30712 -0.134888 -2.6326 -1.50857 -3.04628 0.354601 -0.637411 0.0817099 
-36.2462 -7.51606 -3.26672 -5.95723 -1.30885 -5.59381 -0.0875377 -4.37323 -0.256369 -3.80127 -0.159738 -1.74973 0.0115449 
-64.8921 -11.3959 -3.07859 -9.91568 -1.1569 -9.40865 -0.501466 -7.95221 -0.23569 -5.59943 0.246872 -2.79836 0.0731375 
-143.754 -27.1463 -2.17315 -21.3479 -1.99852 -18.4924 -1.71389 -14.8787 -1.37933 -10.4709 -0.822291 -5.30154 -0.119716 
-210.435 -37.3301 -2.17315 -30.9399 -1.99852 -26.9351 -1.71389 -21.6814 -1.37933 -15.2383 -0.822291 -7.7566 -0.119716 
-277.117 -47.514 -2.17315 -40.5319 -1.99852 -35.3778 -1.71389 -28.4842 -1.37933 -20.0057 -0.822291 -10.2117 -0.119716 
-343.798 -57.6978 -2.17315 -50.1239 -1.99852 -43.8205 -1.71389 -35.2869 -1.37933 -24.7732 -0.822291 -12.6667 -0.119716 
-410.479 -67.8817 -2.17315 -59.7159 -1.99852 -52.2632 -1.71389 -42.0897 -1.37933 -29.5406 -0.822291 -15.1218 -0.119716 
-477.161 -78.0656 -2.17315 -69.3079 -1.99852 -60.706 -1.71389 -48.8924 -1.37933 -34.3081 -0.822291 -17.5768 -0.119716 
-543.842 -88.2494 -2.17315 -78.9 -1.99852 -69.1487 -1.71389 -55.6952 -1.37933 -39.0755 -0.822291 -20.0319 -0.119716 
-610.523 -98.4333 -2.17315 -88.492 -1.99852 -77.5914 -1.71389 -62.4979 -1.37933 -43.8429 -0.822291 -22.4869 -0.119716 
-677.204 -108.617 -2.17315 -98.084 -1.99852 -86.0341 -1.71389 -69.3007 -1.37933 -48.6104 -0.822291 -24.942 -0.119716 
-743.886 -118.801 -2.17315 -107.676 -1.99852 -94.4768 -1.71389 -76.1034 -1.37933 -53.3778 -0.822291 -27.3971 -0.119716 
-810.567 -128.985 -2.17315 -117.268 -1.99852 -102.92 -1.71389 -82.9062 -1.37933 -58.1452 -0.822291 -29.8521 -0.119716 
-877.248 -139.169 -2.17315 -126.86 -1.99852 -111.362 -1.71389 -89.7089 -1.37933 -62.9127 -0.822291 -32.3072 -0.119716 
-943.929 -149.353 -2.17315 -136.452 -1.99852 -119.805 -1.71389 -96.5117 -1.37933 -67.6801 -0.822291 -34.7622 -0.119716 
-1010.61 -159.536 -2.17315 -146.044 -1.99852 -128.248 -1.71389 -103.314 -1.37933 -72.4475 -0.822291 -37.2173 -0.119716 
-1077.29 -169.72 -2.17315 -155.636 -1.99852 -136.69 -1.71389 -110.117 -1.37933 -77.215 -0.822291 -39.6723 -0.119716 
-1143.97 -179.904 -2.17315 -165.228 -1.99852 -145.133 -1.71389 -116.92 -1.37933 -81.9824 -0.822291 -42.1274 -0.119716 
-1210.65 -190.088 -2.17315 -174.82 -1.99852 -153.576 -1.71389 -123.723 -1.37933 -86.7499 -0.822291 -44.5825 -0.119716 
-1277.34 -200.272 -2.17315 -184.412 -1.99852 -162.018 -1.71389 -130.525 -1.37933 -91.5173 -0.822291 -47.0375 -0.119716 
-1344.02 -210.456 -2.17315 -194.004 -1.99852 -170.461 -1.71389 -137.328 -1.37933 -96.2847 -0.822291 -49.4926 -0.119716 
-1410.7 -220.64 -2.17315 -203.596 -1.99852 -178.904 -1.71389 -144.131 -1.37933 -101.052 -0.822291 -51.9476 -0.119716 
-1477.38 -230.823 -2.17315 -213.188 -1.99852 -187.347 -1.71389 -150.934 -1.37933 -105.82 -0.822291 -54.4027 -0.119716 
-1544.06 -241.007 -2.17315 -222.78 -1.99852 -195.789 -1.71389 -157.736 -1.37933 -110.587 -0.822291 -56.8578 -0.119716 
-1610.74 -251.191 -2.17315 -232.372 -1.99852 -204.232 -1.71389 -164.539 -1.37933 -115.354 -0.822291 -59.3128 -0.119716 
-1677.42 -261.375 -2.17315 -241.964 -1.99852 -212.675 -1.71389 -171.342 -1.37933 -120.122 -0.822291 -61.7679 -0.119716 
-1744.1 -271.559 -2.17315 -251.556 -1.99852 -221.117 -1.71389 -178.145 -1.37933 -124.889 -0.822291 -64.2229 -0.119716 
-1810.79 -281.743 -2.17315 -261.148 -1.99852 -229.56 -1.71389 -184.947 -1.37933 -129.657 -0.822291 -66.678 -0.119716 
-1877.47 -291.927 -2.17315 -270.74 -1.99852 -238.003 -1.71389 -191.75 -1.37933 -134.424 -0.822291 -69.133 -0.119716 
-1944.15 -302.111 -2.17315 -280.332 -1.99852 -246.446 -1.71389 -198.553 -1.37933 -139.192 -0.822291 -71.5881 -0.119716 
-2010.83 -312.294 -2.17315 -289.924 -1.99852 -254.888 -1.71389 -205.356 -1.37933 -143.959 -0.822291 -74.0432 -0.119716 
-2077.51 -322.478 -2.17315 -299.516 -1.99852 -263.331 -1.71389 -212.158 -1.37933 -148.727 -0.822291 -76.4982 -0.119716 
-2144.19 -332.662 -2.17315 -309.108 -1.99852 -271.774 -1.71389 -218.961 -1.37933 -153.494 -0.822291 -78.9533 -0.119716 
-2210.87 -342.846 -2.17315 -318.7 -1.99852 -280.216 -1.71389 -225.764 -1.37933 -158.261 -0.822291 -81.4083 -0.119716 
-2277.56 -353.03 -2.17315 -328.292 -1.99852 -288.659 -1.71389 -232.567 -1.37933 -163.029 -0.822291 -83.8634 -0.119716 
-2344.24 -363.214 -2.17315 -337.884 -1.99852 -297.102 -1.71389 -239.369 -1.37933 -167.796 -0.822291 -86.3184 -0.119716 
-2410.92 -373.398 -2.17315 -347.476 -1.99852 -305.545 -1.71389 -246.172 -1.37933 -172.564 -0.822291 -88.7735 -0.119716 
-2477.6 -383.581 -2.17315 -357.068 -1.99852 -313.987 -1.71389 -252.975 -1.37933 -177.331 -0.822291 -91.2286 -0.119716 
-2544.28 -393.765 -2.17315 -366.66 -1.99852 -322.43 -1.71389 -259.778 -1.37933 -182.099 -0.822291 -93.6836 -0.119716 
-2610.96 -403.949 -2.17315 -376.252 -1.99852 -330.873 -1.71389 -266.58 -1.37933 -186.866 -0.822291 -96.1387 -0.119716 
-2677.64 -414.133 -2.17315 -385.844 -1.99852 -339.315 -1.71389 -273.383 -1.37933 -191.633 -0.822291 -98.5937 -0.119716 
-2744.32 -424.317 -2.17315 -395.436 -1.99852 -347.758 -1.71389 -280.186 -1.37933 -196.401 -0.822291 -101.049 -0.119716 
-2811.01 -434.501 -2.17315 -405.028 -1.99852 -356.201 -1.71389 -286.989 -1.37933 -201.168 -0.822291 -103.504 -0.119716 
-2877.69 -444.685 -2.17315 -414.62 -1.99852 -364.644 -1.71389 -293.791 -1.37933 -205.936 -0.822291 -105.959 -0.119716 
-2944.37 -454.868 -2.17315 -424.212 -1.99852 -373.086 -1.71389 -300.594 -1.37933 -210.703 -0.822291 -108.414 -0.119716 
-3011.05 -465.052 -2.17315 -433.804 -1.99852 -381.529 -1.71389 -307.397 -1.37933 -215.471 -0.822291 -110.869 -0.119716 
-3077.73 -475.236 -2.17315 -443.396 -1.99852 -389.972 -1.71389 -314.2 -1.37933 -220.238 -0.822291 -113.324 -0.119716 
-3144.41 -485.42 -2.17315 -452.988 -1.99852 -398.414 -1.71389 -321.002 -1.37933 -225.006 -0.822291 -115.779 -0.119716 
-3211.09 -495.604 -2.17315 -462.58 -1.99852 -406.857 -1.71389 -327.805 -1.37933 -229.773 -0.822291 -118.234 -0.119716 
-3277.77 -505.788 -2.17315 -472.172 -1.99852 -415.3 -1.71389 -334.608 -1.37933 -234.54 -0.822291 -120.689 -0.119716 
-3344.46 -515.972 -2.17315 -481.764 -1.99852 -423.743 -1.71389 -341.411 -1.37933 -239.308 -0.822291 -123.144 -0.119716 
-3411.14 -526.155 -2.17315 -491.356 -1.99852 -432.185 -1.71389 -348.213 -1.37933 -244.075 -0.822291 -125.599 -0.119716 
-3477.82 -536.339 -2.17315 -500.949 -1.99852 -440.628 -1.71389 -355.016 -1.37933 -248.843 -0.822291 -128.054 -0.119716 
-3544.5 -546.523 -2.17315 -510.541 -1.99852 -449.071 -1.71389 -361.819 -1.37933 -253.61 -0.822291 -130.509 -0.119716 
-3611.18 -556.707 -2.17315 -520.133 -1.99852 -457.513 -1.71389 -368.622 -1.37933 -258.378 -0.822291 -132.965 -0.119716 
-3677.86 -566.891 -2.17315 -529.725 -1.99852 -465.956 -1.71389 -375.424 -1.37933 -263.145 -0.822291 -135.42 -0.119716